4379161 99.16000000000003 19
4386235 96.48000000000002 18
4606808 93.80000000000003 18
4664211 91.12000000000002 17
4738517 88.44000000000003 17
4760162 85.76000000000002 16
4802911 83.08000000000003 16
5634371 80.40000000000005 15
5716716 77.72000000000004 15
5961510 75.04000000000003 14
6596796 72.36000000000003 14
6673548 69.68000000000002 13
6907796 67.00000000000001 13
7100362 61.64 12
7331505 58.96 8
7510461 57.62000000000001 15
8810607 56.280000000000015 14
8847762 54.740000000000016 14
8974518 54.54000000000001 15
9272502 54.34000000000001 15
9343900 54.14000000000001 15
10078169 52.60000000000001 15
10218099 52.400000000000006 16
10346924 51.06000000000001 15
17386038 49.59000000000001 18
17905861 48.45000000000001 17
18927116 47.88000000000001 14
20479399 47.31000000000001 14
21459330 46.740000000000016 14
28731765 45.6 10
