4379161 99.16000000000003 19
4386235 96.48000000000002 18
4606808 93.80000000000003 18
4664211 91.12000000000002 17
4738517 88.44000000000003 17
4760162 85.76000000000002 16
4802911 83.08000000000003 16
5634371 80.40000000000005 15
5716716 77.72000000000004 15
5961510 75.04000000000003 14
6596796 72.36000000000003 14
6673548 69.68000000000002 13
6907796 67.00000000000001 13
7022711 64.32000000000001 12
7100362 61.64 12
7331505 58.96 8
129328515 51.894999999999996 17
129494527 50.915 17
129495095 50.83 17
129898545 50.745000000000005 17
131084335 50.66000000000001 17
139390495 50.40500000000001 16
145518460 50.32000000000001 15
152790401 50.235000000000014 14
154779528 50.06500000000001 14
162897541 49.98 13
165680520 49.894999999999996 13
172307528 49.72500000000001 13
190695379 49.64 12
317376612 49.55500000000001 7
