739.6800000000005 46621060 0.9263216890308589 53 dag0 1915509 0 1915509 dag1 46621060 0 46621060 dag2 1915509 0 1915509 dag3 46621060 0 46621060
734.3200000000005 46621374 0.9268530966955063 51 dag0 1915509 0 1915509 dag1 46621374 0 46621374 dag2 1915509 0 1915509 dag3 46621374 0 46621374
715.5600000000004 47331379 0.9421923801938495 56 dag0 1915509 0 1915509 dag1 47331379 0 47331379 dag2 1915509 0 1915509 dag3 47312810 0 47312810
712.8800000000003 47514534 0.9420628775676833 56 dag0 1915509 0 1915509 dag1 47514534 0 47514534 dag2 1915509 0 1915509 dag3 47514534 0 47514534
710.2000000000003 47720590 0.9747905977688751 56 dag0 43461763 0 43461763 dag1 47720590 0 47720590 dag2 47568450 0 47568450 dag3 47697537 0 47697537
707.5200000000002 47880692 0.9746689358308179 56 dag0 43461763 0 43461763 dag1 47880692 0 47880692 dag2 47568450 0 47568450 dag3 47880692 0 47880692
680.7200000000004 50473832 0.9965193208836185 48 dag0 49859473 451054 50310527 dag1 49863762 610070 50473832 dag2 50180207 0 50180207 dag3 50471806 0 50471806
672.6800000000002 57662987 0.9979200376020937 48 dag0 50127879 451054 50578933 dag1 57052917 610070 57662987 dag2 50448613 0 50448613 dag3 57660961 0 57660961
666.8900000000003 65836312 0.998610590161843 45 dag0 62001004 451054 62452058 dag1 65226242 610070 65836312 dag2 62436865 0 62436865 dag3 62161032 0 62161032
663.7800000000003 65838338 0.9984210855771 44 dag0 57317034 451054 57768088 dag1 65228268 610070 65838338 dag2 57637768 0 57637768 dag3 65836312 0 65836312
655.2600000000001 78060921 0.9935751847613397 26 dag0 71752018 451054 72203072 dag1 77450851 610070 78060921 dag2 72152597 0 72152597 dag3 77889075 0 77889075
652.58 78254943 0.9933733349891518 26 dag0 71752018 451054 72203072 dag1 77644873 610070 78254943 dag2 72152597 0 72152597 dag3 77889075 0 77889075
649.9 78425100 0.9931980187865149 26 dag0 71752018 451054 72203072 dag1 77815030 610070 78425100 dag2 72152597 0 72152597 dag3 78253254 0 78253254
648.5600000000001 81521259 0.9902715830055139 26 dag0 71752018 451054 72203072 dag1 80911189 610070 81521259 dag2 72152597 0 72152597 dag3 78253254 0 78253254
593.6199999999999 81987994 0.9831295697181859 52 dag0 60212865 773032 60985897 dag1 80716948 1025309 81742257 dag2 60959859 0 60959859 dag3 81987994 0 81987994
578.0199999999999 81997252 0.9910646368359404 52 dag0 60212865 773032 60985897 dag1 80971943 1025309 81997252 dag2 60959859 0 60959859 dag3 81987994 0 81987994
571.7999999999998 83461177 0.992395045452782 55 dag0 36187812 773032 36960844 dag1 82435868 1025309 83461177 dag2 66575909 0 66575909 dag3 83199064 0 83199064
565.4799999999999 103894989 0.9915180666830148 42 dag0 87587210 773032 88360242 dag1 102869680 1025309 103894989 dag2 88279814 0 88279814 dag3 103854510 0 103854510
564.1399999999999 110169819 0.9927705759357406 39 dag0 95723225 773032 96496257 dag1 109144510 1025309 110169819 dag2 96412283 0 96412283 dag3 109304636 0 109304636
562.8 119418016 0.9931731494164214 37 dag0 108661383 773032 109434415 dag1 118143323 1025309 119168632 dag2 119418016 0 119418016 dag3 118874116 0 118874116
560.1199999999999 131861270 0.9924923448421313 34 dag0 130221643 773032 130994675 dag1 130835961 1025309 131861270 dag2 130968637 0 130968637 dag3 122280970 0 122280970
540.3600000000001 180193672 0.9973028816199218 60 dag0 180188044 0 180188044 dag1 180193672 0 180193672 dag2 180191594 0 180191594 dag3 180193672 0 180193672
539.79 215924456 0.9992420752215924 55 dag0 209151653 0 209151653 dag1 215924456 0 215924456 dag2 208647936 0 208647936 dag3 208746792 0 208746792
539.22 236366596 0.9993236791905361 53 dag0 208517874 0 208517874 dag1 236366596 0 236366596 dag2 208514324 0 208514324 dag3 208746792 0 208746792
538.65 249294518 0.9995967458635402 51 dag0 236826841 0 236826841 dag1 249294518 0 249294518 dag2 236768117 0 236768117 dag3 242660446 0 242660446
538.0799999999998 258817283 0.9995767672634917 49 dag0 236826841 0 236826841 dag1 258817283 0 258817283 dag2 236768117 0 236768117 dag3 249294518 0 249294518
537.5099999999999 259028562 0.9995311237212413 48 dag0 236826841 0 236826841 dag1 259028562 0 259028562 dag2 236768117 0 236768117 dag3 259027742 0 259027742
536.9399999999998 278158220 0.9995308985504828 46 dag0 274395983 0 274395983 dag1 278158220 0 278158220 dag2 274337259 0 274337259 dag3 272875696 0 272875696
536.3699999999999 281581021 0.999525704668429 45 dag0 281581021 0 281581021 dag1 281018580 0 281018580 dag2 273438137 0 273438137 dag3 272875696 0 272875696
