1744.6799999999994 105054627 0.9896343826059107 62 dag0 91445713 13608914 105054627 dag1 66356238 0 66356238 dag2 86833530 17962352 104795882 dag3 66319776 0 66319776
1386.2399999999993 377057196 0.9988641486326456 77 dag0 374683465 2373731 377057196 dag1 180193672 0 180193672 dag2 362189930 2386781 364576711 dag3 180193672 0 180193672
1451.3799999999999 227663357 0.9937592374634426 55 dag0 209642812 18020545 227663357 dag1 133321941 0 133321941 dag2 206730059 18020545 224750604 dag3 133301109 0 133301109
1462.5600000000004 169946041 0.990814179847899 76 dag0 151925496 18020545 169946041 dag1 133321941 0 133321941 dag2 151613621 18020545 169634166 dag3 133301109 0 133301109
1382.2499999999998 602085328 0.9995327641813435 56 dag0 599698547 2386781 602085328 dag1 239139855 0 239139855 dag2 576019688 2453334 578473022 dag3 238181702 0 238181702
1390.7999999999997 323171592 0.999018647723125 91 dag0 320797861 2373731 323171592 dag1 180193672 0 180193672 dag2 320784129 2386781 323170910 dag3 180193672 0 180193672
1725.9199999999998 116195508 0.9866112014334038 52 dag0 102586594 13608914 116195508 dag1 66356238 0 66356238 dag2 97492802 17962352 115455154 dag3 66319776 0 66319776
1456.7399999999996 192297558 0.9946299317181237 66 dag0 174277013 18020545 192297558 dag1 133321941 0 133321941 dag2 173477478 18020545 191498023 dag3 133301109 0 133301109
1389.0900000000001 345389599 0.9989425468375507 85 dag0 342572200 2373731 344945931 dag1 180193672 0 180193672 dag2 343002818 2386781 345389599 dag3 180193672 0 180193672
1387.3799999999997 364379442 0.9990815824168596 81 dag0 362005711 2373731 364379442 dag1 180193672 0 180193672 dag2 360941775 2386781 363328556 dag3 180193672 0 180193672
1703.1399999999992 137229578 0.9938444869631432 51 dag0 123620664 13608914 137229578 dag1 66356238 0 66356238 dag2 119090692 17962352 137053044 dag3 66319776 0 66319776
1700.4599999999996 145517731 0.9930269556563885 50 dag0 131908817 13608914 145517731 dag1 66356238 0 66356238 dag2 126447910 17962352 144410262 dag3 66319776 0 66319776
1474.000000000001 160976619 0.9911750606634773 83 dag0 142956074 18020545 160976619 dag1 84175770 0 84175770 dag2 141690773 18020545 159711318 dag3 84154938 0 84154938
1450.2600000000002 248616584 0.9931246539703641 50 dag0 230042467 18020545 248063012 dag1 133321941 0 133321941 dag2 230596039 18020545 248616584 dag3 133301109 0 133301109
1731.28 111623508 0.9871076595828813 54 dag0 98014594 13608914 111623508 dag1 66356238 0 66356238 dag2 92623884 17962352 110586236 dag3 66319776 0 66319776
1741.9999999999998 108701595 0.9893259361557619 57 dag0 95045631 13608914 108654545 dag1 66356238 0 66356238 dag2 90739243 17962352 108701595 dag3 66319776 0 66319776
1390.2299999999998 323874286 0.9990015919655079 90 dag0 321500555 2373731 323874286 dag1 180193672 0 180193672 dag2 320784129 2386781 323170910 dag3 180193672 0 180193672
1723.2399999999998 125578854 0.9878174784459102 51 dag0 111969940 13608914 125578854 dag1 66356238 0 66356238 dag2 107433852 17962352 125396204 dag3 66319776 0 66319776
1784.8799999999999 90753257 0.980538500407193 78 dag0 77122838 13608914 90731752 dag1 50991732 0 50991732 dag2 72790905 17962352 90753257 dag3 50955270 0 50955270
1391.3700000000001 312410551 0.9990227471194827 92 dag0 310036820 2373731 312410551 dag1 180193672 0 180193672 dag2 309944167 2386781 312330948 dag3 180193672 0 180193672
1386.8099999999995 364576518 0.9989347069258777 79 dag0 362202787 2373731 364576518 dag1 180193672 0 180193672 dag2 361286905 2386781 363673686 dag3 180193672 0 180193672
1728.6 115455154 0.9866693503513411 52 dag0 100608616 13608914 114217530 dag1 66356238 0 66356238 dag2 97492802 17962352 115455154 dag3 66319776 0 66319776
1388.52 346093267 0.9989009464566289 85 dag0 343719536 2373731 346093267 dag1 180193672 0 180193672 dag2 343003110 2386781 345389891 dag3 180193672 0 180193672
1454.0599999999997 219177269 0.9938653998302746 57 dag0 201156724 18020545 219177269 dag1 133321941 0 133321941 dag2 200788320 18020545 218808865 dag3 133301109 0 133301109
1384.5299999999995 377760572 0.9990208727662673 76 dag0 375386841 2373731 377760572 dag1 180193672 0 180193672 dag2 374670415 2386781 377057196 dag3 180193672 0 180193672
1383.9599999999996 392994206 0.9990077837177596 75 dag0 390620475 2373731 392994206 dag1 180193672 0 180193672 dag2 374670415 2386781 377057196 dag3 180193672 0 180193672
1381.68 668068273 0.9994825645673041 52 dag0 665681492 2386781 668068273 dag1 239139855 0 239139855 dag2 601966860 2453334 604420194 dag3 238181702 0 238181702
1460.76 183919445 0.9939288920807129 72 dag0 165898900 18020545 183919445 dag1 133321941 0 133321941 dag2 164810723 18020545 182831268 dag3 133301109 0 133301109
1383.3899999999994 507835446 0.998792222658138 62 dag0 505461715 2373731 507835446 dag1 180193672 0 180193672 dag2 501660352 2386781 504047133 dag3 180193672 0 180193672
1472.6600000000005 167139283 0.9913814825678736 81 dag0 149118738 18020545 167139283 dag1 84175770 0 84175770 dag2 149118147 18020545 167138692 dag3 84154938 0 84154938
