28076904 1704607.3099999966 24
28087704 1704580.5099999965 24
28120104 1704572.4699999967 24
46636838 1470419.5199999975 24
46651238 1464762.0399999975 24
46672838 1464528.8799999976 24
46730437 1463363.0799999975 24
47750347 1463361.7399999974 23
47988646 1462396.9499999974 23
47999446 1462382.2099999974 23
48031846 1462378.1899999974 23
49051756 1462376.8499999973 23
51109575 1461179.1999999986 23
51141975 1461175.1799999985 23
55300816 1459980.209999998 21
112334738 1404615.5099999965 22
112367131 1404331.4399999965 22
113636147 1403914.6899999965 22
113668540 1403630.6199999964 22
117590820 1403459.9099999964 21
119907360 1403196.3599999964 21
119910960 1403186.0999999966 21
119925360 1403186.0999999964 21
119928960 1403175.8399999964 21
124630433 1403175.8399999961 20
138709651 1403174.6999999958 18
141051386 1403174.6999999955 18
