123818281 1407086.5799999952 20
122747976 1407123.409999995 20
122744376 1407132.7899999951 20
119899601 1407247.0299999951 20
118825696 1407294.119999995 20
118822096 1407303.499999995 20
118818496 1407326.2799999951 20
118278897 1407446.9799999946 20
118275297 1407471.0999999945 20
118271697 1407493.8799999945 20
115180133 1407609.5099999951 21
115176533 1407609.5099999954 21
100539716 1411108.7699999951 23
100536116 1411132.8899999952 23
100525316 1411230.709999995 23
100350515 1411244.6699999948 23
100346915 1411268.7899999947 23
100343315 1411291.5699999947 23
100291798 1411477.8299999947 23
100288198 1411487.2099999946 23
100284598 1411509.9899999946 23
100113113 1411544.269999995 23
100109513 1411568.3899999948 23
99238307 1411809.5899999952 23
99049106 1411945.4899999949 23
99045506 1411969.6099999947 23
98990389 1412178.6499999948 23
98986789 1412188.0299999947 23
98811704 1412245.089999995 24
98808104 1412269.2099999948 24
