148.7400000000002 2166083 0.9018466116126067 74 dag0 1816444 0 1816444 dag1 2166083 0 2166083 dag2 1816444 0 1816444 dag3 2166083 0 2166083
42.88 3889779 0.9889635077127769 16 dag0 3866779 0 3866779 dag1 3889779 0 3889779 dag2 3863229 0 3863229 dag3 3879773 0 3879773
38.86000000000002 5857513 0.9389614827681569 25 dag0 5121715 0 5121715 dag1 5857513 0 5857513 dag2 4409060 0 4409060 dag3 5535780 0 5535780
99.1600000000001 2273280 0.8614794248677812 37 dag0 2094317 0 2094317 dag1 2273280 0 2273280 dag2 2093979 0 2093979 dag3 2269915 0 2269915
61.64 3150783 0.9174589241243507 23 dag0 2854438 0 2854438 dag1 3150783 0 3150783 dag2 2853763 0 2853763 dag3 3002180 0 3002180
36.04 62037184 0.9982969141132102 90 dag0 57640207 0 57640207 dag1 62037184 0 62037184 dag2 57190207 0 57190207 dag3 61547184 0 61547184
192.96000000000032 2155813 0.918383715918666 74 dag0 1805599 0 1805599 dag1 2155813 0 2155813 dag2 1805599 0 1805599 dag3 1909943 0 1909943
143.3800000000002 2167739 0.9011474572567811 74 dag0 1816444 0 1816444 dag1 2167739 0 2167739 dag2 1816444 0 1816444 dag3 2167739 0 2167739
156.78000000000023 2161665 0.903103225978484 74 dag0 1816444 0 1816444 dag1 2161665 0 2161665 dag2 1816444 0 1816444 dag3 2161665 0 2161665
151.42000000000021 2163699 0.902367651135255 74 dag0 1816444 0 1816444 dag1 2163699 0 2163699 dag2 1816444 0 1816444 dag3 2163699 0 2163699
48.24 3531137 0.961238585202245 18 dag0 3334071 0 3334071 dag1 3531137 0 3531137 dag2 3327034 0 3327034 dag3 3441447 0 3441447
195.64000000000033 2153468 0.9130227601224778 74 dag0 1639550 0 1639550 dag1 2153468 0 2153468 dag2 1639550 0 1639550 dag3 1909943 0 1909943
196.98000000000033 2150284 0.9095621115948836 74 dag0 1606051 0 1606051 dag1 2150284 0 2150284 dag2 1639550 0 1639550 dag3 1909943 0 1909943
56.28 3424315 0.9208527871753147 21 dag0 2976408 0 2976408 dag1 3424315 0 3424315 dag2 2952099 0 2952099 dag3 3098685 0 3098685
154.10000000000022 2163439 0.902647911501427 74 dag0 1816444 0 1816444 dag1 2163439 0 2163439 dag2 1816444 0 1816444 dag3 2163439 0 2163439
36.125 61542208 0.9983325118650825 90 dag0 57640207 0 57640207 dag1 61390134 0 61390134 dag2 57190207 0 57190207 dag3 61542208 0 61542208
69.68000000000002 2637046 0.9188878588375254 26 dag0 2457786 0 2457786 dag1 2637046 0 2637046 dag2 2458461 0 2458461 dag3 2367345 0 2367345
140.7000000000002 2167744 0.9008872398745869 74 dag0 1816444 0 1816444 dag1 2167744 0 2167744 dag2 1816444 0 1816444 dag3 2167744 0 2167744
139.36000000000018 2257412 0.8129802808794035 64 dag0 2257412 0 2257412 dag1 2252303 0 2252303 dag2 2256605 0 2256605 dag3 2249923 0 2249923
36.180000000000014 5875108 0.9665208942759778 25 dag0 5503159 0 5503159 dag1 5875108 0 5875108 dag2 4409060 0 4409060 dag3 5531512 0 5531512
91.12000000000008 2615412 0.8358227516180461 34 dag0 2139115 0 2139115 dag1 2615412 0 2615412 dag2 2133312 0 2133312 dag3 2284047 0 2284047
58.96 3334132 0.8949415145190809 22 dag0 2977417 0 2977417 dag1 3334132 0 3334132 dag2 2953108 0 2953108 dag3 3094364 0 3094364
186.2600000000003 2156539 0.9065357726539905 74 dag0 1816444 0 1816444 dag1 2156539 0 2156539 dag2 1816444 0 1816444 dag3 2156539 0 2156539
41.54000000000002 5084119 0.945208987188971 28 dag0 4513125 0 4513125 dag1 5084119 0 5084119 dag2 4487087 0 4487087 dag3 4578727 0 4578727
198.32000000000033 1909943 0.9234656473600363 74 dag0 1606051 0 1606051 dag1 1909943 0 1909943 dag2 1606051 0 1606051 dag3 1909943 0 1909943
64.32000000000001 3088771 0.9300694774197469 24 dag0 2830310 0 2830310 dag1 3088771 0 3088771 dag2 2784104 0 2784104 dag3 2817660 0 2817660
53.6 3439170 0.9734485815073972 20 dag0 3188836 0 3188836 dag1 3439170 0 3439170 dag2 3154119 0 3154119 dag3 3178233 0 3178233
194.30000000000032 2154213 0.9157246116158593 74 dag0 1639550 0 1639550 dag1 2154213 0 2154213 dag2 1805599 0 1805599 dag3 1909943 0 1909943
50.92 3443539 0.9662015491560254 19 dag0 3188858 0 3188858 dag1 3443539 0 3443539 dag2 3154141 0 3154141 dag3 3178233 0 3178233
40.200000000000024 5326515 0.9523191926265877 28 dag0 5182066 0 5182066 dag1 5326515 0 5326515 dag2 5156028 0 5156028 dag3 5210419 0 5210419
