11611227 554.7600000000003 52
12186533 552.0800000000004 52
12833843 546.7200000000008 51
12931043 544.0400000000008 51
20241523 530.6400000000008 33
20245123 527.9600000000008 33
20656694 439.51999999999964 54
21958103 435.4999999999996 47
22076904 434.1599999999996 47
22981613 432.81999999999965 47
24001523 431.4799999999997 46
24012323 430.1399999999998 46
24023123 428.7999999999998 46
30398183 426.1199999999999 36
31306492 424.77999999999986 36
31310092 423.43999999999994 36
32351602 422.0999999999999 35
47054334 401.2799999999994 51
51730602 400.7099999999993 47
84630112 396.71999999999974 29
84644518 396.14999999999975 29
84658918 395.57999999999976 29
