76197486 412.4000000000005 59
72275206 412.6000000000005 62
72138662 412.8000000000006 63
68999478 412.9600000000007 67
68216382 413.00000000000057 69
64969455 413.0800000000006 70
61047175 413.2800000000006 79
60098734 413.9400000000006 78
57031550 414.1450000000006 84
56039910 414.37500000000057 84
55949914 414.60500000000053 84
55321663 415.1750000000005 84
54192392 415.3400000000005 85
53179956 415.6800000000005 90
51689318 416.0200000000006 90
51660518 416.25000000000057 90
51635317 416.48000000000053 90
51628118 416.7100000000005 90
51599317 416.9400000000005 90
51442218 417.17000000000047 90
51286070 418.50500000000056 91
51271671 418.6750000000006 92
51182317 418.84500000000054 92
51010941 419.41500000000053 92
50901486 419.9850000000005 92
