3416	192.96000000000024	18
23354	87.34	11
27649	86.70000000000006	10
5130	120.6000000000001	8
13070	88.34999999999994	12
8086	119.02999999999992	19
11339	92.19999999999996	13
4469	142.04000000000016	11
3685	179.5600000000002	17
3607	184.92000000000021	18
8676	105.16999999999992	19
3970	152.76000000000005	15
4480	125.96000000000012	10
3967	155.44000000000005	15
22250	88.06000000000006	12
3603	187.60000000000025	18
4124	147.40000000000018	11
8107	109.18999999999993	19
8101	109.38999999999993	19
8670	105.36999999999992	19
27635	87.05000000000004	10
27567	87.09	9
3772	160.80000000000013	15
3692	174.20000000000013	17
4028	150.08000000000007	12
27604	87.08000000000001	9
3761	171.52000000000015	16
9980	92.36999999999999	16
27642	86.71000000000005	10
27622	87.07000000000002	9
