money	runtime_MS	subdagMeanMoneyFragment	subdagMeanResponseTime	subdagMinResponseTime	subdagMaxResponseTime	unfairness	subdagMeanMakespan	subdagMinMakespan	subdagMaxMakespan
1522.5200000000002	1435500597	570.5030574969908	1.220438863949498	1.11169199682858	1.3296297933513028 	0.6363434200765958	1.220438863949498	1.11169199682858	1.3296297933513028
1521.4149999999986	1448403674	691.5400258972222	13.400626811557238	1.115345386283609	26.027020197663973 	73.70976200576888	13.400626811557238	1.115345386283609	26.027020197663973
1510.1099999999994	1613106189	684.6956146407407	14.667411937851517	1.2358681077971845	28.98663412398922 	80.5565364950832	14.667411937851517	1.2358681077971845	28.98663412398922
1508.9199999999994	2096862294	680.7115149935186	17.85941603075844	1.6193611423330145	34.525461635220125 	97.40040609756977	17.85941603075844	1.6193611423330145	34.525461635220125
1508.8349999999994	2102252294	680.6639366212963	17.860114313165088	1.6193611423330145	34.525461635220125 	97.39621640312987	17.860114313165088	1.6193611423330145	34.525461635220125
1508.7500000000002	2357462361	740.2483111668984	21.336488278517596	1.82309382583619	42.25106875112309 	117.0532224942134	21.336488278517596	1.82309382583619	42.25106875112309
1508.6650000000002	2357952361	740.7363510391206	21.70791548426782	1.82309382583619	42.37111160826595 	119.28178572871474	21.70791548426782	1.82309382583619	42.37111160826595
1508.58	2536372311	635.0977861118056	10.39584540452711	1.893572648057894	36.657177717879605 	52.522664626705	10.39584540452711	1.893572648057894	36.657177717879605
1508.665	2536372311	613.1614045125	2.0124201215082413	1.893572648057894	2.1245283018867926 	0.4095767372578296	2.0124201215082413	1.893572648057894	2.1245283018867926
