money	runtime_MS	subdagMeanMoneyFragment	subdagMeanResponseTime	subdagMinResponseTime	subdagMaxResponseTime	unfairness	subdagMeanMakespan	subdagMinMakespan	subdagMaxMakespan
648.8049999999997	2062961288	436.7960603590278	11.501105434558708	1.4453412815666167	22.311491627172195 	40.125694059553474	11.501105434558708	1.4453412815666167	22.311491627172195
648.8899999999996	2062961288	418.07987226250003	9.722106935348597	1.4453412815666167	20.753566271721958 	33.00970006271304	9.722106935348597	1.4453412815666167	20.753566271721958
648.9749999999997	2062961288	401.3130210940973	1.5825129812938319	1.4453412815666167	1.6988442864665614 	0.45132424649397285	1.5825129812938319	1.4453412815666167	1.6988442864665614
655.6049999999997	2062961640	393.0584487305556	1.59468328984461	1.4940222608468943	1.6988442864665614 	0.4026430122908602	1.59468328984461	1.4940222608468943	1.6988442864665614
648.9749999999997	2062961669	403.5264430347222	1.5946832950951513	1.4940222608468943	1.6988442864665614 	0.40264299128869485	1.5946832950951513	1.4940222608468943	1.6988442864665614
648.8899999999998	2068050878	391.4093267673611	1.5956047124154198	1.4940222608468943	1.6988442864665614 	0.3989573220076206	1.5956047124154198	1.4940222608468943	1.6988442864665614
645.4899999999999	2076760524	428.5882983100695	11.725836511633428	1.3507511562054157	22.551869747235386 	41.193811457415734	11.725836511633428	1.3507511562054157	22.551869747235386
645.4049999999999	2081850114	430.417916840625	11.765074169240195	1.504015841426409	22.551869747235386 	41.036860826988665	11.765074169240195	1.504015841426409	22.551869747235386
645.1499999999999	2326100504	421.9300074590278	14.800265444071806	1.6550942584425083	28.026199605055293 	52.52169067236996	14.800265444071806	1.6550942584425083	28.026199605055293
