1494.0999999999995 257020896 0.990387824410016 71 dag0 99226082 0 99226082 dag1 124166077 25604464 149770541 dag2 157469230 61165873 218635103 dag3 112155464 144865432 257020896
1382.82 878688977 0.999531983888138 75 dag0 243584276 0 243584276 dag1 470511354 2431149 472942503 dag2 614528111 2449419 616977530 dag3 776914170 101774807 878688977
1463.28 287864540 0.9938519762907551 71 dag0 99226082 0 99226082 dag1 124166077 25604464 149770541 dag2 157469230 61165873 218635103 dag3 142999108 144865432 287864540
1739.32 196135177 0.9803907268106229 61 dag0 54480918 0 54480918 dag1 52653140 44128527 96781667 dag2 127821613 13519782 141341395 dag3 155029237 41105940 196135177
1465.96 275860961 0.9921999655996108 71 dag0 99226082 0 99226082 dag1 124166077 25604464 149770541 dag2 157469230 61165873 218635103 dag3 130995529 144865432 275860961
1747.36 180624050 0.9801564285819115 64 dag0 54480918 0 54480918 dag1 52653140 44128527 96781667 dag2 127821613 13519782 141341395 dag3 139518110 41105940 180624050
1736.64 199595623 0.9803907343876216 61 dag0 54480918 0 54480918 dag1 52653140 44128527 96781667 dag2 127821613 13519782 141341395 dag3 158489683 41105940 199595623
1492.7599999999993 264608925 0.987136856151369 71 dag0 99226082 0 99226082 dag1 124166077 25604464 149770541 dag2 157469230 61165873 218635103 dag3 119743493 144865432 264608925
1484.72 269410982 0.985926629196974 71 dag0 99226082 0 99226082 dag1 124166077 25604464 149770541 dag2 157469230 61165873 218635103 dag3 124545550 144865432 269410982
1418.1600000000005 574872393 0.9935706453544519 92 dag0 171242244 0 171242244 dag1 336371681 2445504 338817185 dag2 332675779 176322897 508998676 dag3 201128353 373744040 574872393
1384.5299999999995 795600693 0.9993000868206083 75 dag0 243584276 0 243584276 dag1 470511354 2431149 472942503 dag2 614528111 2449419 616977530 dag3 693825886 101774807 795600693
1457.92 327113569 0.9945961739656013 61 dag0 99226082 0 99226082 dag1 124166077 25604464 149770541 dag2 225402088 61165873 286567961 dag3 174765125 152348444 327113569
1381.1100000000001 1085948545 0.9997582142454874 49 dag0 381638992 0 381638992 dag1 663005864 2431149 665437013 dag2 875301489 2449419 877750908 dag3 1083514786 2433759 1085948545
1468.64 272620823 0.991058934763172 71 dag0 99226082 0 99226082 dag1 124166077 25604464 149770541 dag2 157469230 61165873 218635103 dag3 127755391 144865432 272620823
1456.58 333129051 0.9943595699784471 59 dag0 99226082 0 99226082 dag1 124166077 25604464 149770541 dag2 225402088 61165873 286567961 dag3 180780607 152348444 333129051
1461.9399999999998 295274856 0.9937640122993603 70 dag0 99226082 0 99226082 dag1 124166077 25604464 149770541 dag2 157469230 61165873 218635103 dag3 150409424 144865432 295274856
1490.0799999999997 267359657 0.9864025276463272 71 dag0 99226082 0 99226082 dag1 124166077 25604464 149770541 dag2 157469230 61165873 218635103 dag3 122494225 144865432 267359657
1709.8400000000001 222419140 0.9954806701879048 56 dag0 91623283 0 91623283 dag1 103288750 13519782 116808532 dag2 149232007 37082931 186314938 dag3 116941557 105477583 222419140
1387.9499999999998 681593170 0.9987301768806238 90 dag0 171242244 0 171242244 dag1 336371681 2445504 338817185 dag2 332675779 176322897 508998676 dag3 307849130 373744040 681593170
1381.68 1057864354 0.9997630965565939 50 dag0 381638992 0 381638992 dag1 663005864 2431149 665437013 dag2 875301489 2449419 877750908 dag3 1055430595 2433759 1057864354
1704.48 229999540 0.9941811074368804 51 dag0 91623283 0 91623283 dag1 103288750 13519782 116808532 dag2 149232007 37082931 186314938 dag3 124521957 105477583 229999540
1386.2399999999996 749920283 0.9992534604291289 77 dag0 243584276 0 243584276 dag1 470511354 2431149 472942503 dag2 614528111 2449419 616977530 dag3 648145476 101774807 749920283
1483.38 272365804 0.98524648815008 71 dag0 99226082 0 99226082 dag1 124166077 25604464 149770541 dag2 157469230 61165873 218635103 dag3 127500372 144865432 272365804
1389.0899999999997 630832757 0.9987578731730733 92 dag0 171242244 0 171242244 dag1 336371681 2445504 338817185 dag2 332675779 176322897 508998676 dag3 257088717 373744040 630832757
1701.8 241881879 0.994075947935031 50 dag0 91623283 0 91623283 dag1 103288750 13519782 116808532 dag2 149232007 37082931 186314938 dag3 136404296 105477583 241881879
1386.8099999999995 715118300 0.9992807562892487 80 dag0 243584276 0 243584276 dag1 470511354 2431149 472942503 dag2 614528111 2449419 616977530 dag3 613343493 101774807 715118300
1699.12 245929889 0.9939546984537315 49 dag0 91623283 0 91623283 dag1 103288750 13519782 116808532 dag2 149232007 37082931 186314938 dag3 140452306 105477583 245929889
1402.0800000000004 574995063 0.997965524672436 92 dag0 171242244 0 171242244 dag1 336371681 2445504 338817185 dag2 332675779 176322897 508998676 dag3 201251023 373744040 574995063
1742.0 189311959 0.9810143811013737 63 dag0 54480918 0 54480918 dag1 52653140 44128527 96781667 dag2 127821613 13519782 141341395 dag3 148206019 41105940 189311959
1383.3899999999999 858627799 0.9995382302483021 76 dag0 243584276 0 243584276 dag1 470511354 2431149 472942503 dag2 614528111 2449419 616977530 dag3 756852992 101774807 858627799
