4372346 96.48000000000002 18
4592891 93.80000000000003 18
4804008 83.08000000000003 16
5628085 80.40000000000005 15
5710430 77.72000000000004 15
5955208 75.04000000000003 14
6590620 72.36000000000003 14
7505812 57.62000000000001 15
8805924 56.280000000000015 14
8843228 54.74000000000002 14
8969282 54.54000000000002 15
9267178 54.34000000000002 15
10430416 50.86000000000001 16
17654500 49.59000000000001 18
17755708 48.45000000000001 17
18925441 47.88000000000001 14
20477359 47.31000000000001 14
21457181 46.740000000000016 14
27844127 46.17 11
28730224 45.6 10
