2659621 166.16000000000025 62
3013073 84.42000000000006 32
3016280 83.08000000000006 31
3358037 75.04000000000003 28
3364244 69.68000000000002 26
3365614 67.00000000000001 25
3369762 62.980000000000004 24
3371269 61.64 23
3373339 58.96 22
3376854 56.28 21
3727452 53.6 10
3733142 50.92 10
3737899 48.24 9
3739849 45.56 9
3792776 42.88 8
4424091 40.2 8
5637562 38.86000000000002 13
5762432 37.52000000000002 13
6324801 36.180000000000014 14
6483672 34.84 12
6945716 33.50000000000001 13
6997048 32.160000000000004 11
7661166 30.82 8
44697592 30.34499999999996 24
44697630 29.239999999999966 24
62997072 28.47499999999997 18
76040301 27.029999999999976 15
76046478 26.68999999999998 15
86396451 26.51999999999999 13
86520211 26.349999999999994 13
