money	runtime_MS	subdagMeanMoneyFragment	subdagMeanResponseTime	subdagMinResponseTime	subdagMaxResponseTime	unfairness	subdagMeanMakespan	subdagMinMakespan	subdagMaxMakespan
1510.6199999999997	1307214249	683.8583210034722	12.238025441393338	1.009515316869933	23.489923611859837 	67.36848055918715	12.238025441393338	1.009515316869933	23.489923611859837
1510.5349999999996	1310351035	683.9175987599538	12.275197534834488	1.009515316869933	23.54628993710692 	67.59151311983405	12.275197534834488	1.009515316869933	23.54628993710692
1510.3649999999998	1499740435	661.3478968546297	14.028486189545584	1.1555476023910018	26.949513656783466 	77.22923574682352	14.028486189545584	1.1555476023910018	26.949513656783466
1509.8549999999987	1608386325	752.2466751502316	15.072047158205676	1.2428404822423804	28.90182075471698 	82.96774835355122	14.910681479858866	1.2428404822423804	28.57908939802336
1509.7699999999986	1608600435	752.2678266643519	15.072769901542003	1.2428404822423804	28.90566819407008 	82.97208481356918	14.911404223195193	1.2428404822423804	28.58293683737646
1509.174999999999	1894851852	732.2002417365742	17.732027594343588	1.46143558597424	34.0494492722372 	97.60492773133291	17.570661915996777	1.46143558597424	33.726717915543574
1509.0899999999992	1897540528	743.7200160886574	17.77929983753017	1.46143558597424	34.09776330637916 	97.8885611904524	17.61793415918336	1.46143558597424	33.775031949685534
1507.9850000000004	2581668406	931.7513586657407	24.160621351223966	1.9729663293146469	46.39116632524708 	133.06799049103896	23.999255672877155	1.9729663293146469	46.06843496855346
1507.8150000000003	2852480391	890.1728739824075	26.73086081517107	2.207160906808448	51.25750927223719 	147.1329490712377	26.56949513682426	2.207160906808448	50.93477791554358
