money	runtime_MS	subdagMeanMoneyFragment	subdagMeanResponseTime	subdagMinResponseTime	subdagMaxResponseTime	unfairness	subdagMeanMakespan	subdagMinMakespan	subdagMaxMakespan
1007.4199999999998	1974779407	753.091200192014	1.2660611919539153	1.0002920754716982	1.535013414017987 	1.0630764659288685	1.2624136704030287	1.0002920754716982	1.528647202854278
1007.505	1974779407	753.0912032083334	1.2656919832931406	1.0002920754716982	1.535013414017987 	1.0615996312857698	1.2620444617422542	1.0002920754716982	1.5271703682111792
1007.3349999999998	2068609419	753.6728007506945	1.2842949154962668	1.0002920754716982	1.6079483081873935 	1.136011360098275	1.2806473939453804	1.0002920754716982	1.5933582219838476
1006.9950000000001	2162089370	698.3198853125	1.3386074210345922	1.0002920754716982	1.6806110968604497 	1.353261382251576	1.3349598994837057	1.0002920754716982	1.6732344363345226
1006.91	2167479370	698.3198822784723	1.3396548446445697	1.0002920754716982	1.68480079130036 	1.3574510766914862	1.3360073230936833	1.0002920754716982	1.6732344363345226
1006.4	2519039092	745.4666416659722	1.477203410509831	1.0002920754716982	1.9580712574524481 	1.9076453401525313	1.4735558889589444	1.0002920754716982	1.9501582336434795
1006.315	2687009070	718.3996517909723	1.509844546080259	1.0002920754716982	2.0886357997341602 	2.038209882434243	1.5061970245293725	1.0002920754716982	2.0740457135306145
1006.1450000000001	2690509054	745.2089034677085	1.5323627253898535	1.0002920754716982	2.091356368102356 	2.128282599672621	1.5287152038389666	1.0002920754716982	2.0767662818988097
1005.8900000000003	3221969070	686.5566332298613	1.742189452375683	1.0002920754716982	2.5044649161672456 	2.9675895076159393	1.7385419308247965	1.0002920754716982	2.4898748299636995
