1041.9599999999996 911365207 0.9997132001918267 46 dag0 262537533 0 262537533 dag1 502188669 2373731 504562400 dag2 718911622 2453334 721364956 dag3 370696970 540668237 911365207
1102.8200000000002 303275979 0.9904927499828882 49 dag0 84119065 0 84119065 dag1 126137933 28319938 154457871 dag2 206776132 18020545 224796677 dag3 193033378 110242601 303275979
1294.4400000000003 195677951 0.9948859626315142 49 dag0 65716458 0 65716458 dag1 79046299 16913822 95960121 dag2 79228597 60449116 139677713 dag3 92740094 102937857 195677951
1126.9399999999996 278719281 0.9851068735258719 52 dag0 84119065 0 84119065 dag1 126137933 28319938 154457871 dag2 206776132 18020545 224796677 dag3 168476680 110242601 278719281
1043.6699999999998 711902937 0.9995068415360328 53 dag0 180191758 0 180191758 dag1 287197322 40637902 327835224 dag2 263907981 207587235 471495216 dag3 385130366 326772571 711902937
1132.2999999999997 270163409 0.9902679980613 52 dag0 84119065 0 84119065 dag1 126137933 28319938 154457871 dag2 206776132 18020545 224796677 dag3 159920808 110242601 270163409
1098.8 335821765 0.996600813162408 50 dag0 93222561 0 93222561 dag1 162802782 33949160 196751942 dag2 199500801 57975750 257476551 dag3 200484553 135337212 335821765
1100.14 330259048 0.9968444446782053 52 dag0 93222561 0 93222561 dag1 162802782 33949160 196751942 dag2 199500801 57975750 257476551 dag3 194921836 135337212 330259048
1061.8699999999997 558646649 0.9951024829067846 60 dag0 180191758 0 180191758 dag1 287197322 40637902 327835224 dag2 243110943 207587235 450698178 dag3 233209364 325437285 558646649
1120.2400000000002 285806137 0.982560055638986 52 dag0 84119065 0 84119065 dag1 126137933 28319938 154457871 dag2 206776132 18020545 224796677 dag3 175563536 110242601 285806137
1044.81 705173262 0.9995160859601939 54 dag0 180191758 0 180191758 dag1 287197322 40637902 327835224 dag2 263907981 207587235 471495216 dag3 378400691 326772571 705173262
1043.1 739987128 0.9994973129155562 52 dag0 180191758 0 180191758 dag1 287197322 40637902 327835224 dag2 263907981 207587235 471495216 dag3 413214557 326772571 739987128
1289.0800000000002 203030038 0.99639168842003 48 dag0 65716458 0 65716458 dag1 79046299 16913822 95960121 dag2 100455016 60449116 160904132 dag3 189473455 13556583 203030038
1062.6999999999996 556583288 0.9956138089940297 60 dag0 180191758 0 180191758 dag1 287197322 40637902 327835224 dag2 243110943 207587235 450698178 dag3 231146003 325437285 556583288
1100.99 322368319 0.9900741017392546 47 dag0 133265236 0 133265236 dag1 126137933 28319938 154457871 dag2 206776132 18020545 224796677 dag3 212125718 110242601 322368319
1095.63 360966704 0.9969514320391967 49 dag0 142368732 0 142368732 dag1 162802782 33949160 196751942 dag2 199500801 57975750 257476551 dag3 225629492 135337212 360966704
1291.7600000000002 195840883 0.9965368539873001 50 dag0 65716458 0 65716458 dag1 79046299 16913822 95960121 dag2 100455016 60449116 160904132 dag3 182284300 13556583 195840883
1061.0399999999995 559783059 0.9948376530389765 60 dag0 180191758 0 180191758 dag1 287197322 40637902 327835224 dag2 243110943 207587235 450698178 dag3 234345774 325437285 559783059
1045.3799999999999 684603121 0.9995250071443857 55 dag0 180191758 0 180191758 dag1 287197322 40637902 327835224 dag2 263907981 207587235 471495216 dag3 357830550 326772571 684603121
1283.72 211205389 0.9962340524372332 46 dag0 65716458 0 65716458 dag1 79046299 16913822 95960121 dag2 100455016 60449116 160904132 dag3 197648806 13556583 211205389
1048.2299999999998 597046600 0.9992881020337634 60 dag0 180191758 0 180191758 dag1 287197322 40637902 327835224 dag2 243110943 207587235 450698178 dag3 271609315 325437285 597046600
1297.1200000000001 184574413 0.9946339222162337 50 dag0 65716458 0 65716458 dag1 79046299 16913822 95960121 dag2 79228597 60449116 139677713 dag3 81636556 102937857 184574413
1121.5800000000002 282754084 0.9835325888723682 52 dag0 84119065 0 84119065 dag1 126137933 28319938 154457871 dag2 206776132 18020545 224796677 dag3 172511483 110242601 282754084
1045.9499999999998 652815475 0.9995497993805462 58 dag0 180191758 0 180191758 dag1 287197322 40637902 327835224 dag2 263907981 207587235 471495216 dag3 326042904 326772571 652815475
1281.0400000000004 228491592 0.9960620265828453 44 dag0 65716458 0 65716458 dag1 79046299 16913822 95960121 dag2 100455016 60449116 160904132 dag3 214935009 13556583 228491592
1105.0100000000002 286267699 0.9904359233968528 52 dag0 133265236 0 133265236 dag1 126137933 28319938 154457871 dag2 206776132 18020545 224796677 dag3 176025098 110242601 286267699
1104.1600000000003 298306365 0.9906807125257427 50 dag0 84119065 0 84119065 dag1 126137933 28319938 154457871 dag2 206776132 18020545 224796677 dag3 188063764 110242601 298306365
1096.97 355977416 0.9970715274314548 51 dag0 142368732 0 142368732 dag1 162802782 33949160 196751942 dag2 199500801 57975750 257476551 dag3 220640204 135337212 355977416
1130.9599999999996 277406998 0.9857092296080071 52 dag0 84119065 0 84119065 dag1 126137933 28319938 154457871 dag2 206776132 18020545 224796677 dag3 167164397 110242601 277406998
1041.3899999999996 931426385 0.9997066674652064 45 dag0 262537533 0 262537533 dag1 502188669 2373731 504562400 dag2 718911622 2453334 721364956 dag3 390758148 540668237 931426385
