694.1200000000002 49386542 0.9822179640261868 39 dag0 2761343 0 2761343 dag1 48788288 598254 49386542 dag2 2748851 0 2748851 dag3 49363556 0 49363556
691.4400000000004 49397346 0.9832562711768693 38 dag0 2761343 0 2761343 dag1 48799092 598254 49397346 dag2 2748851 0 2748851 dag3 49386542 0 49386542
678.04 51271042 0.990548941747661 42 dag0 2761343 0 2761343 dag1 50672788 598254 51271042 dag2 2748851 0 2748851 dag3 51254109 0 51254109
674.0200000000004 62761150 0.9962234043259518 37 dag0 2761343 0 2761343 dag1 62162896 598254 62761150 dag2 2748851 0 2748851 dag3 62755976 0 62755976
664.6400000000002 70442219 0.9957373008737038 35 dag0 2761343 0 2761343 dag1 67246365 598254 67844619 dag2 2748851 0 2748851 dag3 70442219 0 70442219
660.6200000000002 70960813 0.9940239038523996 34 dag0 2761343 0 2761343 dag1 70362559 598254 70960813 dag2 2748851 0 2748851 dag3 70442437 0 70442437
651.24 78436514 0.9949027128639275 31 dag0 2761343 0 2761343 dag1 74889709 598254 75487963 dag2 2748851 0 2748851 dag3 78436514 0 78436514
649.9 78628280 0.9950469424234493 31 dag0 2761343 0 2761343 dag1 78030026 598254 78628280 dag2 2748851 0 2748851 dag3 78436514 0 78436514
594.9599999999999 84041036 0.9740823791886747 51 dag0 3316609 0 3316609 dag1 83495089 0 83495089 dag2 3316609 0 3316609 dag3 84041036 0 84041036
578.93 84077583 0.9820744295401317 51 dag0 3316609 0 3316609 dag1 84077583 0 84077583 dag2 3316609 0 3316609 dag3 84041036 0 84041036
573.0899999999999 89632649 0.9968305668618421 45 dag0 5162838 0 5162838 dag1 88544850 1087799 89632649 dag2 5136800 0 5136800 dag3 89369360 0 89369360
570.5199999999999 108177852 0.9967079488075182 43 dag0 5162838 0 5162838 dag1 102901358 1087799 103989157 dag2 5136800 0 5136800 dag3 108177852 0 108177852
569.4999999999999 109047277 0.9938940275920064 41 dag0 5162838 0 5162838 dag1 107959478 1087799 109047277 dag2 5136800 0 5136800 dag3 108747763 0 108747763
568.1599999999999 113778036 0.9927774887340156 40 dag0 5162838 0 5162838 dag1 107959688 1087799 109047487 dag2 5136800 0 5136800 dag3 113778036 0 113778036
566.8199999999999 114365798 0.9927826899468343 39 dag0 5162838 0 5162838 dag1 113277999 1087799 114365798 dag2 5136800 0 5136800 dag3 113778188 0 113778188
564.1399999999999 133615490 0.9949027170620484 36 dag0 5162838 0 5162838 dag1 132527691 1087799 133615490 dag2 5136800 0 5136800 dag3 133356177 0 133356177
562.8 138393697 0.9942588120732597 34 dag0 5162838 0 5162838 dag1 137305898 1087799 138393697 dag2 5136800 0 5136800 dag3 133356387 0 133356387
561.4599999999999 157691141 0.9938656602375779 30 dag0 5162838 0 5162838 dag1 156603342 1087799 157691141 dag2 5136800 0 5136800 dag3 157396625 0 157396625
558.6899999999999 184588553 0.9923173204922798 24 dag0 5162838 0 5162838 dag1 183500754 1087799 184588553 dag2 5136800 0 5136800 dag3 176728099 0 176728099
539.79 209871251 0.9872736610754322 49 dag0 6096542 0 6096542 dag1 209871251 0 209871251 dag2 6096542 0 6096542 dag3 209732855 0 209732855
538.65 234430025 0.9863322974608913 46 dag0 6096542 0 6096542 dag1 234430025 0 234430025 dag2 6096542 0 6096542 dag3 233754263 0 233754263
537.51 242423009 0.9863710955229199 46 dag0 6096542 0 6096542 dag1 242423009 0 242423009 dag2 6096542 0 6096542 dag3 242409982 0 242409982
536.3699999999999 283590726 0.9828176657572928 39 dag0 6096542 0 6096542 dag1 283590726 0 283590726 dag2 6096542 0 6096542 dag3 274234333 0 274234333
535.2299999999998 288381157 0.9835005441444078 38 dag0 6096542 0 6096542 dag1 288381157 0 288381157 dag2 6096542 0 6096542 dag3 280186969 0 280186969
534.6599999999999 306073959 0.9830544609025733 37 dag0 6096542 0 6096542 dag1 306073959 0 306073959 dag2 6096542 0 6096542 dag3 280186969 0 280186969
534.0899999999998 314011104 0.983071017237069 37 dag0 6096542 0 6096542 dag1 314011104 0 314011104 dag2 6096542 0 6096542 dag3 314010376 0 314010376
532.9499999999998 329659910 0.9815584970408759 34 dag0 6096542 0 6096542 dag1 315049505 0 315049505 dag2 6096542 0 6096542 dag3 329659910 0 329659910
531.8099999999998 356586412 0.9809998303444497 33 dag0 6096542 0 6096542 dag1 356586412 0 356586412 dag2 6096542 0 6096542 dag3 356023972 0 356023972
