1390.8 325267688 0.9993934966805068 101 dag0 299161471 0 299161471 dag1 325267688 0 325267688 dag2 285720919 0 285720919 dag3 324324679 0 324324679
1461.9400000000005 150894459 0.9985945736582901 78 dag0 139853376 0 139853376 dag1 150894459 0 150894459 dag2 139913616 0 139913616 dag3 150612672 0 150612672
1395.3599999999994 278739170 0.9995883640332582 115 dag0 267224378 0 267224378 dag1 278739170 0 278739170 dag2 273387097 0 273387097 dag3 278407708 0 278407708
1465.96 132495488 0.9970917130926532 80 dag0 132006812 0 132006812 dag1 132495488 0 132495488 dag2 131946057 0 131946057 dag3 131929298 0 131929298
1387.3799999999999 536294562 0.9994876953004679 85 dag0 536294562 0 536294562 dag1 536253423 0 536253423 dag2 473490363 0 473490363 dag3 504248767 0 504248767
1463.2800000000004 150894194 0.9988216113231465 78 dag0 139853376 0 139853376 dag1 150894194 0 150894194 dag2 139913616 0 139913616 dag3 150612672 0 150612672
1823.7400000000007 47972891 0.9827254547340257 105 dag0 46003623 0 46003623 dag1 47972891 0 47972891 dag2 46560919 0 46560919 dag3 47874716 0 47874716
1391.94 299783016 0.9995546225071698 106 dag0 298609533 0 298609533 dag1 299783016 0 299783016 dag2 297903547 0 297903547 dag3 299122703 0 299122703
1484.72 97814194 0.996065767069142 108 dag0 97814194 0 97814194 dag1 97177105 0 97177105 dag2 97502319 0 97502319 dag3 96882589 0 96882589
1744.6799999999987 67669377 0.9937887639080878 85 dag0 65029730 0 65029730 dag1 66250876 619186 66870062 dag2 65013186 0 65013186 dag3 67669377 0 67669377
1387.9499999999998 373044622 0.9995882710822447 100 dag0 320543469 0 320543469 dag1 373044622 0 373044622 dag2 355444566 0 355444566 dag3 372380395 0 372380395
1402.1999999999998 246289485 0.9992390409727953 127 dag0 238332202 0 238332202 dag1 246289485 0 246289485 dag2 215050190 0 215050190 dag3 245612208 0 245612208
1474.0000000000005 120534328 0.9973046589374096 87 dag0 110130749 0 110130749 dag1 120534328 0 120534328 dag2 118375661 0 118375661 dag3 120453902 0 120453902
1403.9099999999994 203825969 0.9991830910178425 131 dag0 203683918 0 203683918 dag1 203432012 0 203432012 dag2 203825969 0 203825969 dag3 203359797 0 203359797
1397.0699999999997 273348358 0.999553324431827 118 dag0 267224378 0 267224378 dag1 266334447 0 266334447 dag2 267223757 0 267223757 dag3 273348358 0 273348358
1483.38 106657127 0.995943181305892 107 dag0 97814417 0 97814417 dag1 106657127 0 106657127 dag2 98127449 0 98127449 dag3 98421965 0 98421965
1464.6200000000003 140129042 0.999118103017509 82 dag0 139853376 0 139853376 dag1 140129042 0 140129042 dag2 139913354 0 139913354 dag3 140127951 0 140127951
1747.359999999999 65384699 0.9949742752827653 89 dag0 65029730 0 65029730 dag1 64765513 619186 65384699 dag2 65013186 0 65013186 dag3 65323293 0 65323293
1478.0200000000002 107231946 0.9958331748340811 102 dag0 106985951 0 106985951 dag1 107231946 0 107231946 dag2 106674076 0 106674076 dag3 107231804 0 107231804
1394.2199999999998 296046927 0.9995629278550319 108 dag0 293375320 0 293375320 dag1 296046927 0 296046927 dag2 285720919 0 285720919 dag3 295403571 0 295403571
1741.999999999998 72099896 0.9943300574621683 80 dag0 71067699 0 71067699 dag1 70171465 619186 70790651 dag2 71835806 0 71835806 dag3 72099896 0 72099896
1391.37 321212022 0.9995369038578797 102 dag0 298609533 0 298609533 dag1 321212022 0 321212022 dag2 297903547 0 297903547 dag3 312044785 0 312044785
1459.2600000000002 161628329 0.9983114295318527 69 dag0 159259610 0 159259610 dag1 161628329 0 161628329 dag2 157935957 0 157935957 dag3 156485654 0 156485654
1488.7400000000002 91539738 0.996680169275138 110 dag0 91204331 0 91204331 dag1 91539738 0 91539738 dag2 90891299 0 90891299 dag3 91333195 0 91333195
1457.9200000000003 161628519 0.9981258992892107 69 dag0 159259610 0 159259610 dag1 161628519 0 161628519 dag2 157935957 0 157935957 dag3 156485654 0 156485654
1407.9000000000003 184032811 0.994164351151696 128 dag0 182129753 0 182129753 dag1 184032811 0 184032811 dag2 182129753 0 182129753 dag3 183366184 0 183366184
1471.3200000000004 128175542 0.9970738853851591 86 dag0 122190553 0 122190553 dag1 128175542 0 128175542 dag2 121878678 0 121878678 dag3 120453902 0 120453902
1390.23 339323625 0.999393516919999 101 dag0 299161471 0 299161471 dag1 339323625 0 339323625 dag2 285720919 0 285720919 dag3 324324679 0 324324679
1389.6599999999999 367702499 0.9995274592246943 100 dag0 355444566 0 355444566 dag1 367702499 0 367702499 dag2 285720919 0 285720919 dag3 347844877 0 347844877
1472.6600000000003 122190362 0.9974372819261432 87 dag0 122190362 0 122190362 dag1 120534328 0 120534328 dag2 121878487 0 121878487 dag3 120453902 0 120453902
