747.72 73045758 0.8884238005265737 41 dag0 3307053 0 3307053 dag1 47601864 842672 48444536 dag2 33981182 16872641 50853823 dag3 70604404 2441354 73045758
745.0400000000001 73605941 0.8880437012969209 41 dag0 3307053 0 3307053 dag1 47601864 842672 48444536 dag2 33981182 16872641 50853823 dag3 71164587 2441354 73605941
738.3400000000003 83849004 0.9286031906486245 36 dag0 3710845 0 3710845 dag1 48517801 2825928 51343729 dag2 42555398 13349039 55904437 dag3 65112983 18736021 83849004
735.6600000000001 92269129 0.9243600068067803 34 dag0 3710845 0 3710845 dag1 48517801 2825928 51343729 dag2 42555398 13349039 55904437 dag3 73533108 18736021 92269129
730.3000000000001 99921513 0.9196314249806817 32 dag0 3710845 0 3710845 dag1 48517801 2825928 51343729 dag2 42555398 13349039 55904437 dag3 81185492 18736021 99921513
726.28 117695139 0.9190174115551843 32 dag0 3710845 0 3710845 dag1 48517801 2825928 51343729 dag2 42555398 13349039 55904437 dag3 98959118 18736021 117695139
724.9400000000002 131533424 0.9368899329845481 34 dag0 3710845 0 3710845 dag1 48517801 2825928 51343729 dag2 42555398 13349039 55904437 dag3 112797403 18736021 131533424
720.92 141374506 0.9329441116621032 32 dag0 3710845 0 3710845 dag1 48517801 2825928 51343729 dag2 42555398 13349039 55904437 dag3 122638485 18736021 141374506
647.2199999999998 146724041 0.8858633857357041 51 dag0 5042866 0 5042866 dag1 80556762 1988706 82545468 dag2 59529045 27879718 87408763 dag3 144718850 2005191 146724041
645.8799999999998 153967630 0.88121522966568 51 dag0 5042866 0 5042866 dag1 80556762 1988706 82545468 dag2 59529045 27879718 87408763 dag3 151962439 2005191 153967630
641.8599999999997 155279913 0.8806010626799735 51 dag0 5042866 0 5042866 dag1 80556762 1988706 82545468 dag2 59529045 27879718 87408763 dag3 153274722 2005191 155279913
639.1799999999995 157413472 0.8797043952969206 51 dag0 5042866 0 5042866 dag1 80556762 1988706 82545468 dag2 59529045 27879718 87408763 dag3 155408281 2005191 157413472
636.4999999999994 159314716 0.8789959096999306 51 dag0 5042866 0 5042866 dag1 80556762 1988706 82545468 dag2 59529045 27879718 87408763 dag3 157309525 2005191 159314716
635.1599999999995 162366769 0.8780043071874624 51 dag0 5042866 0 5042866 dag1 80556762 1988706 82545468 dag2 59529045 27879718 87408763 dag3 160361578 2005191 162366769
620.4199999999995 162828331 0.8860346656101011 51 dag0 5042866 0 5042866 dag1 80556762 1988706 82545468 dag2 59529045 27879718 87408763 dag3 160823140 2005191 162828331
609.6999999999999 177246786 0.9651154843275928 49 dag0 7486430 0 7486430 dag1 89230544 3235910 92466454 dag2 62602956 33333066 95936022 dag3 174029098 3217688 177246786
608.36 179771238 0.9648277169389081 49 dag0 7486430 0 7486430 dag1 89230544 3235910 92466454 dag2 62602956 33333066 95936022 dag3 176553550 3217688 179771238
607.0199999999999 185918937 0.9640951035692983 48 dag0 7486430 0 7486430 dag1 89230544 3235910 92466454 dag2 62602956 33333066 95936022 dag3 182701249 3217688 185918937
605.6800000000001 204105142 0.9605352714306825 44 dag0 7486430 0 7486430 dag1 89230544 3235910 92466454 dag2 62602956 33333066 95936022 dag3 200887454 3217688 204105142
597.2399999999998 292258621 0.9003546354287896 77 dag0 11252482 0 11252482 dag1 182254255 3181712 185435967 dag2 185349757 3172632 188522389 dag3 287282587 4976034 292258621
585.9599999999997 340774712 0.9006768768349619 77 dag0 11252482 0 11252482 dag1 182254255 3181712 185435967 dag2 185349757 3172632 188522389 dag3 335798678 4976034 340774712
582.7399999999998 356060267 0.9668915091886342 56 dag0 10965430 0 10965430 dag1 180226872 7798179 188025051 dag2 191615300 4534981 196150281 dag3 351543535 4516732 356060267
581.9699999999998 356424112 0.971563702508881 56 dag0 11329275 0 11329275 dag1 180226872 8162024 188388896 dag2 191979145 4534981 196514126 dag3 351907380 4516732 356424112
581.3999999999999 388211758 0.9699524356368814 53 dag0 11329275 0 11329275 dag1 180226872 8162024 188388896 dag2 191979145 4534981 196514126 dag3 383695026 4516732 388211758
580.8299999999998 408781899 0.9693744680319993 52 dag0 11329275 0 11329275 dag1 180226872 8162024 188388896 dag2 191979145 4534981 196514126 dag3 404265167 4516732 408781899
580.4599999999998 415147729 0.9636435974762628 51 dag0 10965430 0 10965430 dag1 180226872 7798179 188025051 dag2 191615300 4534981 196150281 dag3 410630997 4516732 415147729
579.6899999999998 415511574 0.9687738489651614 51 dag0 11329275 0 11329275 dag1 180226872 8162024 188388896 dag2 191979145 4534981 196514126 dag3 410994842 4516732 415511574
579.1199999999998 443595765 0.9681492793484483 50 dag0 11329275 0 11329275 dag1 180226872 8162024 188388896 dag2 191979145 4534981 196514126 dag3 439079033 4516732 443595765
