9448741	142.04000000000008	18
16586157	105.85999999999997	16
10799335	117.92000000000007	15
17637719	103.17999999999998	16
9742357	131.32000000000005	17
57460442	89.49	10
20170696	97.42	13
35308992	92.90999999999998	17
10554902	125.96000000000005	16
42503291	91.19999999999997	14
44693792	90.62999999999998	13
33578022	94.61999999999999	17
17758421	100.49999999999999	15
35532778	92.33999999999997	17
21158152	96.08	13
8740131	143.38000000000008	18
14985709	116.58	18
19891887	98.75999999999999	13
17663324	101.83999999999999	16
16822464	104.51999999999998	16
