3792776	42.88	8
5766497	38.86000000000002	14
2891597	164.82000000000025	62
3015605	83.08000000000006	31
44697630	29.239999999999966	24
3727452	53.6	10
76046478	26.68999999999998	15
44697592	30.34499999999996	24
86396451	26.51999999999999	13
62997072	28.47499999999997	18
5767044	37.52000000000002	13
4424091	40.2	8
6336467	36.180000000000014	14
86520211	26.349999999999994	13
3448946	56.28	21
6997048	32.160000000000004	11
7661166	30.82	8
76040301	27.029999999999976	15
3355843	80.40000000000005	30
2659621	166.16000000000025	62
