2659621 166.16000000000025 62
2891597 164.82000000000025 62
2895067 163.48000000000025 62
2905400 124.62000000000016 62
2906850 123.28000000000016 62
2908537 113.90000000000015 62
2911563 105.86000000000016 62
2913700 104.52000000000015 62
3008377 103.1800000000001 39
3015001 83.08000000000006 31
3355843 80.40000000000005 30
3376854 56.28 21
3727452 53.6 10
3737899 48.24 9
3739849 45.56 9
3792776 42.88 8
4424091 40.2 8
5756759 38.86000000000002 14
6324378 37.52000000000002 14
6326729 36.180000000000014 14
6480751 34.84 12
6995917 32.160000000000004 11
7660035 30.82 8
44697592 30.34499999999996 24
44697630 29.239999999999966 24
62997072 28.47499999999997 18
76040301 27.029999999999976 15
76046478 26.68999999999998 15
86396451 26.51999999999999 13
86520211 26.349999999999994 13
