2659621 166.16000000000025 62
2996330 163.48000000000025 61
2997545 160.80000000000024 60
3001719 150.0800000000002 56
3002937 134.00000000000017 50
3006571 128.64000000000016 48
3006722 112.56000000000013 42
3007805 109.88000000000012 41
3011536 93.80000000000008 35
3014697 83.08000000000006 31
3353986 80.40000000000005 30
3359653 75.04000000000003 28
3360453 69.68000000000002 26
3367061 67.00000000000001 25
3368805 64.32000000000001 24
3380333 61.64 23
3446767 58.96 22
3448946 56.28 21
3727761 53.6 10
3733685 50.92 10
3740703 48.24 9
3816677 42.88 8
6695759 34.84 7
