2659621 166.16000000000025 62
2995996 163.48000000000025 61
3001220 144.7200000000002 54
3001719 142.0400000000002 53
3004943 125.96000000000016 47
3007609 123.28000000000016 46
3008377 104.52000000000011 39
3009410 101.8400000000001 38
3012337 88.44000000000007 33
3015001 83.08000000000006 31
3355843 80.40000000000005 30
3358035 77.72000000000004 29
3360281 75.04000000000003 28
3364514 72.36000000000003 27
3366625 67.00000000000001 25
3369762 64.32000000000001 24
3371269 61.64 23
3376854 56.28 21
3727452 53.6 10
3733142 50.92 10
3737899 48.24 9
3739849 45.56 9
3792776 42.88 8
4424091 40.2 8
76040301 27.029999999999976 15
76046478 26.68999999999998 15
86396451 26.51999999999999 13
86520211 26.349999999999994 13
