44693792	90.62999999999998	13
57460442	89.49	10
42503291	91.19999999999997	14
9763934	134.00000000000006	17
9671789	136.68000000000006	17
17758421	100.49999999999999	15
35308992	92.90999999999998	17
8746448	146.06000000000006	19
35532778	92.33999999999997	17
9568567	139.36000000000007	18
10576479	128.64000000000004	16
19891887	98.75999999999999	13
9470318	144.72000000000006	18
9525056	142.04000000000008	18
10821576	120.60000000000007	12
10731781	123.28000000000007	16
10653860	125.96000000000006	16
21158152	96.08	13
10146789	131.32000000000005	17
20170696	97.42	13
