9470318	144.72000000000006	18
20170696	97.42	13
14985709	116.58	18
17663324	101.83999999999999	16
8746448	146.06000000000006	19
16822464	104.51999999999998	16
16586157	105.85999999999997	16
9671789	136.68000000000006	17
14072415	125.96000000000004	13
15011613	107.20000000000002	16
10146789	131.32000000000005	17
14327245	121.74000000000002	12
9763934	134.00000000000006	17
19891887	98.75999999999999	13
57460442	89.49	10
9525056	142.04000000000008	18
17637719	103.17999999999998	16
17758421	100.49999999999999	15
9568567	139.36000000000007	18
15001334	111.22000000000003	16
