48773047	104.54000000000009	7
48808087	101.86000000000006	7
49037393	100.52000000000004	7
49662219	99.18000000000002	7
52378495	97.84000000000002	6
53149648	97.44000000000003	6
56676115	97.24000000000004	6
59010466	97.04000000000005	6
59706228	96.84000000000006	6
60414910	96.72000000000006	6
62950138	94.81000000000004	6
65753882	94.73000000000003	5
69280349	94.53000000000003	5
70833995	92.20000000000002	6
70905883	90.86000000000001	6
73939629	90.66	6
74526180	90.14	6
82584855	89.95999999999998	6
83422874	89.70499999999997	6
84987932	89.25499999999997	6
85128349	89.16999999999997	6
85156425	89.04999999999997	6
100471307	88.86999999999999	5
105918689	88.83499999999998	5
126901645	88.67	5
131541538	88.54	5
132135211	88.36999999999999	4
146244260	88.26500000000001	4
150023435	88.06500000000001	4
