880602 19.24 41
867368 19.58 42
866320 20.919999999999998 43
836342 21.919999999999998 42
769939 22.259999999999998 43
768826 22.599999999999998 44
767778 23.939999999999998 45
767564 24.939999999999998 45
766451 25.279999999999998 46
766306 25.619999999999997 47
758319 26.279999999999998 46
757206 26.619999999999997 47
755491 27.619999999999997 47
752713 27.959999999999997 48
752568 28.299999999999997 49
752453 29.299999999999997 49
752308 29.639999999999997 50
752181 30.979999999999997 51
751869 31.979999999999997 51
751417 33.32 52
751272 33.660000000000004 53
750690 34.660000000000004 53
729975 35.660000000000004 53
728862 36.00000000000001 54
728717 36.34000000000001 55
720583 36.66000000000001 53
694255 37.00000000000001 54
693142 37.34000000000001 55
692997 37.680000000000014 56
692135 38.680000000000014 56
