83.08000000000006 5108056 0.7773431330496661 24 dag0 1599143 0 1599143 dag1 3187372 0 3187372 dag2 2054796 1771844 3826640 dag3 2514464 2593592 5108056
46.900000000000006 9905498 0.7468816148665269 18 dag0 2717630 0 2717630 dag1 5428955 0 5428955 dag2 3571592 3007935 6579527 dag3 6576849 3328649 9905498
42.16000000000001 29102588 0.8114330331907604 25 dag0 10511844 0 10511844 dag1 18773061 0 18773061 dag2 11225404 11008685 22234089 dag3 23550960 5551628 29102588
36.12500000000002 157010932 0.9949983384268669 54 dag0 46534290 0 46534290 dag1 80068067 0 80068067 dag2 62052457 48154234 110206691 dag3 108407116 48603816 157010932
42.84000000000001 29071062 0.7880929392436264 25 dag0 10511844 0 10511844 dag1 18773061 0 18773061 dag2 11040021 11008685 22048706 dag3 23519434 5551628 29071062
45.80000000000001 18980583 0.7813982019810909 26 dag0 6096542 0 6096542 dag1 12173522 0 12173522 dag2 8128756 6773017 14901773 dag3 10402800 8577783 18980583
37.06000000000004 131453395 0.9810511904929692 51 dag0 46534290 0 46534290 dag1 80068067 0 80068067 dag2 51762493 48154234 99916727 dag3 82869568 48583827 131453395
61.64 5813512 0.7514971628828968 18 dag0 1599143 0 1599143 dag1 3187372 0 3187372 dag2 2054796 1771844 3826640 dag3 3219920 2593592 5813512
45.03000000000001 20869111 0.7227375362378952 20 dag0 6096542 0 6096542 dag1 12173522 0 12173522 dag2 8128756 6773017 14901773 dag3 12291328 8577783 20869111
64.32000000000001 5373780 0.7376081952698748 18 dag0 1599143 0 1599143 dag1 3187372 0 3187372 dag2 2054796 1771844 3826640 dag3 2780188 2593592 5373780
41.38000000000002 30657911 0.8579803585362631 31 dag0 10511844 0 10511844 dag1 18773061 0 18773061 dag2 11225404 11008685 22234089 dag3 25106283 5551628 30657911
37.74 33644694 0.8825255924024857 28 dag0 10511844 0 10511844 dag1 21125993 0 21125993 dag2 20091597 5551628 25643225 dag3 24985811 8658883 33644694
37.31500000000003 126382637 0.981261977063441 52 dag0 46534290 0 46534290 dag1 80068067 0 80068067 dag2 51762493 48154234 99916727 dag3 77798810 48583827 126382637
41.48000000000001 29550453 0.8157013838608106 25 dag0 10511844 0 10511844 dag1 18773061 0 18773061 dag2 11225404 11008685 22234089 dag3 23998825 5551628 29550453
37.14500000000003 126442659 0.9810319125664237 52 dag0 46534290 0 46534290 dag1 80068067 0 80068067 dag2 51762493 48154234 99916727 dag3 77858832 48583827 126442659
37.40000000000002 34774259 0.9377208342846687 29 dag0 10511844 0 10511844 dag1 21125993 0 21125993 dag2 20091597 5551628 25643225 dag3 26115376 8658883 34774259
38.060000000000024 32653757 0.9186330197688806 29 dag0 10511844 0 10511844 dag1 21125993 0 21125993 dag2 20091597 5551628 25643225 dag3 23994874 8658883 32653757
50.92000000000001 9110034 0.7203229316376417 20 dag0 2717630 0 2717630 dag1 5428955 0 5428955 dag2 3571592 3007935 6579527 dag3 5781385 3328649 9110034
40.69000000000002 31894419 0.8654719355912256 31 dag0 10511844 0 10511844 dag1 18773061 0 18773061 dag2 11225404 11008685 22234089 dag3 26342791 5551628 31894419
40.92000000000002 30693927 0.8574516665398884 31 dag0 10511844 0 10511844 dag1 18773061 0 18773061 dag2 11225404 11008685 22234089 dag3 25142299 5551628 30693927
37.86000000000002 33572587 0.9293175964614073 29 dag0 10511844 0 10511844 dag1 21125993 0 21125993 dag2 20091597 5551628 25643225 dag3 24913704 8658883 33572587
53.6 6758010 0.7595533748306807 18 dag0 1599143 0 1599143 dag1 3187372 0 3187372 dag2 2054796 1771844 3826640 dag3 4164418 2593592 6758010
48.24 9880951 0.7393465828386274 18 dag0 2717630 0 2717630 dag1 5428955 0 5428955 dag2 3571592 3007935 6579527 dag3 6552302 3328649 9880951
44.46000000000001 21037052 0.7189207822144688 20 dag0 6096542 0 6096542 dag1 12173522 0 12173522 dag2 8128756 6773017 14901773 dag3 12459269 8577783 21037052
41.820000000000014 29418166 0.8101222317254849 25 dag0 10511844 0 10511844 dag1 18773061 0 18773061 dag2 11225404 11008685 22234089 dag3 23866538 5551628 29418166
45.60000000000001 19541999 0.7840192995854657 26 dag0 6096542 0 6096542 dag1 12173522 0 12173522 dag2 8128756 6773017 14901773 dag3 10964216 8577783 19541999
43.89000000000001 22463481 0.7256029526036244 20 dag0 6096542 0 6096542 dag1 12173522 0 12173522 dag2 8128756 6773017 14901773 dag3 13885698 8577783 22463481
36.38000000000003 136402238 0.9925600393131426 52 dag0 46534290 0 46534290 dag1 80068067 0 80068067 dag2 51762493 48154234 99916727 dag3 87818411 48583827 136402238
49.580000000000005 9187432 0.7221316829636606 19 dag0 2717630 0 2717630 dag1 5428955 0 5428955 dag2 3571592 3007935 6579527 dag3 5858783 3328649 9187432
36.21000000000002 146420881 0.9952506443961341 56 dag0 46534290 0 46534290 dag1 80068067 0 80068067 dag2 62052457 48154234 110206691 dag3 97817065 48603816 146420881
