340010 117.92000000000014 44
358840 115.24000000000014 43
359319 109.88000000000012 41
364995 108.54000000000012 41
375722 69.68000000000002 26
394828 67.00000000000001 25
402087 64.32000000000001 24
402910 58.96 22
411757 48.24 18
466390 40.2 15
493376 37.52 14
509861 33.50000000000001 13
510023 32.160000000000004 12
529913 29.48 11
538147 26.8 10
583146 24.12 9
709933 18.76 7
762724 16.080000000000002 6
892358 13.4 5
976435 12.06 9
1035752 10.72 8
1205068 9.38 7
1285572 8.040000000000001 6
1523374 6.7 5
1799921 5.36 4
2124053 5.33 8
2309362 4.0200000000000005 3
2697353 3.9899999999999993 7
2877198 3.4199999999999995 6
3273867 2.68 2
