340010 117.92000000000014 44
358840 115.24000000000014 43
359000 112.56000000000013 42
359482 109.88000000000012 41
364995 108.54000000000012 41
365035 107.20000000000012 41
365116 104.52000000000011 40
365464 103.1800000000001 40
365647 101.8400000000001 40
365763 100.5000000000001 40
365777 97.82000000000008 39
365850 96.48000000000008 39
365894 95.14000000000009 39
366664 93.80000000000008 38
367141 91.12000000000008 37
367446 89.78000000000007 35
374408 87.10000000000007 34
374646 85.76000000000006 33
375018 83.08000000000006 31
375086 80.40000000000005 30
375386 75.04000000000003 28
375689 72.36000000000003 27
394828 67.00000000000001 25
625495 22.78 16
678103 21.44 15
1282979 10.460000000000003 17
1428809 9.320000000000002 15
1917055 5.36 2
3175991 4.0200000000000005 2
3273867 2.68 2
