4373227 99.16000000000003 19
4380063 96.48000000000002 18
4600608 93.80000000000003 18
4658007 91.12000000000002 17
4716705 88.44000000000003 17
4747415 85.76000000000002 16
4796835 83.08000000000003 16
5628085 80.40000000000005 15
5710430 77.72000000000004 15
5955208 75.04000000000003 14
7094665 61.64 12
7324840 58.96 8
7505812 57.62000000000001 15
8805924 56.280000000000015 14
8823124 56.08000000000001 15
8843228 54.74000000000002 14
8969282 54.54000000000002 15
9267178 54.34000000000002 15
9338641 54.140000000000015 15
10074453 52.600000000000016 15
10212904 52.40000000000001 16
10343140 51.06000000000001 15
10430416 50.86000000000001 16
17656517 49.02000000000001 18
17755708 48.45000000000001 17
18925441 47.88000000000001 14
20477359 47.31000000000001 14
21457181 46.740000000000016 14
27844127 46.17 11
28730224 45.6 10
