1050.5100000000002 316313062 0.9999525267203232 75 dag0 316313062 0 316313062 dag1 302374355 0 302374355 dag2 288204467 0 288204467 dag3 288224041 0 288224041
1045.95 438895167 0.9999566906225079 65 dag0 438895167 0 438895167 dag1 351927110 0 351927110 dag2 438894547 0 438894547 dag3 351262883 0 351262883
1097.88 162369563 0.9978864011872868 46 dag0 162369563 0 162369563 dag1 162359726 0 162359726 dag2 157176648 0 157176648 dag3 150641654 0 150641654
1053.93 291607596 0.9996744931482003 79 dag0 291607596 0 291607596 dag1 283490855 0 283490855 dag2 282826628 0 282826628 dag3 288203839 0 288203839
1104.1599999999996 131247184 0.997849641334765 61 dag0 131247184 0 131247184 dag1 126719568 0 126719568 dag2 131203211 0 131203211 dag3 130149156 0 130149156
1059.0599999999993 180193672 0.9998930791802233 100 dag0 180193672 0 180193672 dag1 180193672 0 180193672 dag2 180193672 0 180193672 dag3 180193672 0 180193672
1329.2799999999988 51001185 0.9949794991779527 80 dag0 51001185 0 51001185 dag1 50988695 0 50988695 dag2 50962697 0 50962697 dag3 50945817 0 50945817
1056.7799999999995 250459453 0.9999639283791781 92 dag0 250459453 0 250459453 dag1 250439879 0 250439879 dag2 250439879 0 250439879 dag3 250270139 0 250270139
1048.8 323966708 0.9999505220593012 72 dag0 323966708 0 323966708 dag1 323932905 0 323932905 dag2 288204467 0 288204467 dag3 288224041 0 288224041
1302.4799999999998 66628125 0.9969485211253346 74 dag0 66628125 0 66628125 dag1 65913390 0 65913390 dag2 61977792 0 61977792 dag3 58724445 0 58724445
1366.7999999999993 49116685 0.9753843403786621 73 dag0 49116685 0 49116685 dag1 49098142 0 49098142 dag2 49072144 0 49072144 dag3 49055264 0 49055264
1045.38 439558774 0.9999463919017924 64 dag0 439558774 0 439558774 dag1 351927110 0 351927110 dag2 438894547 0 438894547 dag3 351262883 0 351262883
1100.1399999999999 154775066 0.9983126139054883 51 dag0 145704519 0 145704519 dag1 149458346 0 149458346 dag2 154775066 0 154775066 dag3 149459166 0 149459166
1298.4599999999994 69475892 0.9979457740146045 69 dag0 69475892 0 69475892 dag1 67759371 0 67759371 dag2 67758697 0 67758697 dag3 67589071 0 67589071
1121.249999999999 84651477 0.999456366015416 88 dag0 84651477 0 84651477 dag1 84507401 0 84507401 dag2 84441439 0 84441439 dag3 84371426 0 84371426
1106.8399999999995 121972765 0.9969120784794089 68 dag0 121972765 0 121972765 dag1 114994689 0 114994689 dag2 114700173 0 114700173 dag3 118936973 0 118936973
1056.21 283490637 0.9999588647890897 82 dag0 282826628 0 282826628 dag1 282826628 0 282826628 dag2 283490637 0 283490637 dag3 282826410 0 282826410
1294.4399999999996 69487040 0.9986610993513756 69 dag0 69487040 0 69487040 dag1 69475892 0 69475892 dag2 67758697 0 67758697 dag3 67589071 0 67589071
1108.1799999999994 111423576 0.997985158509569 72 dag0 111423576 0 111423576 dag1 111129060 0 111129060 dag2 106727554 0 106727554 dag3 106427830 0 106427830
1048.23 334702765 0.9999497941739859 71 dag0 334702765 0 334702765 dag1 323932905 0 323932905 dag2 288204467 0 288204467 dag3 288224041 0 288224041
1098.8000000000002 162302415 0.997980789706756 46 dag0 162302415 0 162302415 dag1 162146640 0 162146640 dag2 157176648 0 157176648 dag3 150641654 0 150641654
1110.8599999999992 107326768 0.9981189094259513 73 dag0 107326768 0 107326768 dag1 107027278 0 107027278 dag2 106727554 0 106727554 dag3 106427830 0 106427830
1051.0800000000002 302374765 0.999953164491525 76 dag0 302374765 0 302374765 dag1 299062447 0 299062447 dag2 288204467 0 288204467 dag3 288224041 0 288224041
1289.0799999999995 73844539 0.9955904053764809 57 dag0 73844539 0 73844539 dag1 73652773 0 73652773 dag2 73205876 0 73205876 dag3 66657558 0 66657558
1046.52 338072187 0.9999474729429283 68 dag0 338072187 0 338072187 dag1 337902447 0 337902447 dag2 288204467 0 288204467 dag3 288224041 0 288224041
1119.8599999999992 89237583 0.998881040342579 84 dag0 89237583 0 89237583 dag1 89180879 0 89180879 dag2 84441649 0 84441649 dag3 84371636 0 84371636
1266.2999999999995 82224078 0.9973653352510464 49 dag0 82224078 0 82224078 dag1 81894058 0 81894058 dag2 81716632 0 81716632 dag3 82104596 0 82104596
1109.5199999999993 111129470 0.9968000770895039 72 dag0 111129470 0 111129470 dag1 110379180 0 110379180 dag2 106727554 0 106727554 dag3 106427830 0 106427830
1101.4799999999998 139508855 0.9983470739229808 56 dag0 139508855 0 139508855 dag1 139498441 0 139498441 dag2 139232761 0 139232761 dag3 139198927 0 139198927
1102.82 132864026 0.997864873653276 59 dag0 132864026 0 132864026 dag1 131203211 0 131203211 dag2 130149156 0 130149156 dag3 132440386 0 132440386
