157143443 409.2349999999994 22
153073819 409.37999999999937 23
138930999 409.41499999999934 25
135012319 409.6149999999993 25
132759239 409.8449999999993 26
132663382 410.1849999999993 26
131804989 410.4149999999993 26
128861389 410.53499999999923 27
126055464 410.8549999999992 27
124485720 411.62499999999915 28
123174693 411.8249999999992 28
120528522 412.49999999999915 25
113400338 412.7099999999992 26
109481658 412.9099999999991 27
108167031 413.67999999999915 27
108166503 414.13999999999925 27
107827674 414.70999999999924 28
106869222 415.0199999999992 28
106868694 415.4799999999992 28
106529865 416.0499999999992 28
105947208 416.2499999999992 28
105827184 416.8199999999992 28
102351404 417.24999999999915 29
101053595 418.5899999999991 29
100465361 419.92999999999915 30
100031558 421.26999999999913 30
100020758 423.94999999999914 30
