4344153 187157.8 17
4344189 187152.43999999994 17
4705535 186979.58 16
4944527 186320.3 15
5227011 185602.06 15
5239616 184878.46000000002 15
5269084 184145.48 15
5942160 183262.42 14
6565329 181446.72 13
6602155 177083.68000000002 14
7369111 171628.54000000004 17
7384011 170799.08000000005 17
7488669 160737.33000000002 17
7519582 160735.99 17
7859990 160734.65 17
7890903 160733.31 16
9690000 160670.20999999993 14
11071902 160498.71999999994 12
11156857 160324.40999999995 13
11358610 160145.92999999993 13
14531946 159889.83999999994 10
14889729 159882.61999999994 10
16879686 154428.95999999993 17
16922546 154428.38999999996 17
17721619 154427.24999999997 16
17766958 154426.67999999996 16
21991653 154426.10999999996 13
23047337 154425.53999999998 12
24214514 154424.96999999997 12
24369734 154424.39999999997 12
