40362220 155501.13999999993 7
40361623 155502.97999999992 7
40323158 155503.54999999993 7
40310119 155511.58999999994 7
39858820 155590.15999999995 7
39819873 155592.56999999995 7
39806883 155600.60999999996 7
38392935 155664.88999999993 7
38322597 155665.45999999993 7
38283069 155667.86999999994 7
38270263 155675.90999999995 7
35262936 156011.98999999996 7
35262733 156012.55999999997 7
35223786 156014.96999999997 7
14933874 160877.24999999994 10
14894724 160879.65999999995 10
14881531 160885.01999999996 10
14759283 160946.22999999998 10
14759153 160948.63999999998 10
14720336 160949.20999999996 10
14707346 160957.24999999997 10
13484539 161021.52999999997 11
13414201 161022.09999999998 11
13374675 161023.16999999998 11
13361867 161032.55 11
13141146 161170.97999999998 11
13097437 161171.55 11
13070808 161172.62 11
13058084 161175.03 11
13057809 161183.07 11
