120.60000000000015 3198390 0.9728749856851441 45 dag0 1599143 0 1599143 dag1 1924798 1273592 3198390 dag2 1599143 0 1599143 dag3 2343222 840372 3183594
117.92000000000014 3371703 0.9127038023332439 44 dag0 1599143 0 1599143 dag1 2098111 1273592 3371703 dag2 1599143 0 1599143 dag3 2351977 840372 3192349
83.08000000000006 3525572 0.909530416776729 37 dag0 1599143 0 1599143 dag1 2251980 1273592 3525572 dag2 1599143 0 1599143 dag3 2547828 840372 3388200
64.32000000000001 3560313 0.9078817384108734 24 dag0 1599143 0 1599143 dag1 2286721 1273592 3560313 dag2 1599143 0 1599143 dag3 2622110 840372 3462482
56.28 3887485 0.8994134263119197 20 dag0 1599143 0 1599143 dag1 2613893 1273592 3887485 dag2 1599143 0 1599143 dag3 2647990 840372 3488362
53.6 3887491 0.8873081429302531 20 dag0 1599143 0 1599143 dag1 2613899 1273592 3887491 dag2 1599143 0 1599143 dag3 2647990 840372 3488362
48.24 3894075 0.8971389236100218 18 dag0 1599143 0 1599143 dag1 2620483 1273592 3894075 dag2 1599143 0 1599143 dag3 2981265 840372 3821637
45.56 4985144 0.941777516230726 16 dag0 1948177 0 1948177 dag1 4985144 0 4985144 dag2 1948177 0 1948177 dag3 4632208 0 4632208
44.22000000000003 6062454 0.9460947935290769 22 dag0 2717630 0 2717630 dag1 6062454 0 6062454 dag2 2717630 0 2717630 dag3 4153736 1428898 5582634
42.880000000000024 6524022 0.9322017179859498 21 dag0 2717630 0 2717630 dag1 6524022 0 6524022 dag2 2717630 0 2717630 dag3 4737699 1428898 6166597
41.54000000000001 6647730 0.9260326951266529 21 dag0 2717630 0 2717630 dag1 6647730 0 6647730 dag2 2717630 0 2717630 dag3 4889459 1428898 6318357
40.20000000000002 6659773 0.9416319145176241 21 dag0 2717630 0 2717630 dag1 6659773 0 6659773 dag2 2717630 0 2717630 dag3 4889459 1428898 6318357
38.86000000000001 7147887 0.9433047198718001 21 dag0 2717630 0 2717630 dag1 7147887 0 7147887 dag2 2717630 0 2717630 dag3 5349894 1428898 6778792
37.52000000000001 7899679 0.9219732883748252 21 dag0 2717630 0 2717630 dag1 7899679 0 7899679 dag2 2717630 0 2717630 dag3 6089372 1428898 7518270
36.15999999999999 22782942 0.9207828209843988 26 dag0 10511844 0 10511844 dag1 21658021 0 21658021 dag2 10511844 0 10511844 dag3 17260554 5522388 22782942
36.03999999999999 22858538 0.9194853389156592 25 dag0 10511844 0 10511844 dag1 22858538 0 22858538 dag2 10511844 0 10511844 dag3 15100996 5522388 20623384
35.69999999999999 22859693 0.9301556632819417 26 dag0 10511844 0 10511844 dag1 22859693 0 22859693 dag2 10511844 0 10511844 dag3 17260554 5522388 22782942
35.35999999999999 24242502 0.9294797928034911 26 dag0 10511844 0 10511844 dag1 24242502 0 24242502 dag2 10511844 0 10511844 dag3 18609623 5522388 24132011
