6668224	69.68000000000002	13
8805924	56.280000000000015	14
18925441	47.88000000000001	14
5710430	77.72000000000004	15
27844127	46.17	11
8969282	54.54000000000002	15
4716705	88.44000000000003	17
10430416	50.86000000000001	16
17755708	48.45000000000001	17
6901376	67.00000000000001	13
4380063	96.48000000000002	18
17654500	49.59000000000001	18
4600608	93.80000000000003	18
21457181	46.740000000000016	14
20477359	47.31000000000001	14
5955208	75.04000000000003	14
4796835	83.08000000000003	16
8823124	56.08000000000001	15
6590620	72.36000000000003	14
7505812	57.62000000000001	15
4373227	99.16000000000003	19
7094665	61.64	12
9267178	54.34000000000002	15
8843228	54.74000000000002	14
10212904	52.40000000000001	16
5628085	80.40000000000005	15
7324840	58.96	8
28730224	45.6	10
10074453	52.600000000000016	15
9338641	54.140000000000015	15
