723.6000000000006 49975102 1.0009969078631427 64 dag0 49975102 0 49975102 dag1 49103790 598254 49702044 dag2 49891815 0 49891815 dag3 49527369 0 49527369
711.5400000000002 51526597 0.9940600184283717 41 dag0 51328253 0 51328253 dag1 50873222 598254 51471476 dag2 51526597 0 51526597 dag3 51347060 0 51347060
704.8400000000003 59375366 0.9988254505524312 40 dag0 57863459 0 57863459 dag1 58777112 598254 59375366 dag2 57799312 0 57799312 dag3 59250950 0 59250950
694.12 66742463 0.99834217231865 36 dag0 64574902 0 64574902 dag1 66144209 598254 66742463 dag2 64574890 0 64574890 dag3 66618047 0 66618047
691.4399999999999 71083419 0.9982838020376867 36 dag0 71083419 0 71083419 dag1 69308914 598254 69907168 dag2 70856985 0 70856985 dag3 70443049 0 70443049
608.36 84350187 0.9994555466154906 80 dag0 84350187 0 84350187 dag1 82856608 1025309 83881917 dag2 84242057 0 84242057 dag3 83582403 0 83582403
607.02 84692921 0.9993941250626968 80 dag0 84692921 0 84692921 dag1 82856608 1025309 83881917 dag2 84248915 0 84248915 dag3 83582403 0 83582403
604.34 87350809 0.9991990280229044 79 dag0 84508353 0 84508353 dag1 86325500 1025309 87350809 dag2 84398415 0 84398415 dag3 83582403 0 83582403
599.2000000000002 111879342 1.0002361272610993 62 dag0 102226354 0 102226354 dag1 110394209 1025309 111419518 dag2 102116416 0 102116416 dag3 111879342 0 111879342
597.4300000000001 121327546 0.9998267802480318 61 dag0 107478657 0 107478657 dag1 120302237 1025309 121327546 dag2 101163434 0 101163434 dag3 111879552 0 111879552
596.7800000000001 130745669 1.0001755996655275 60 dag0 107689081 0 107689081 dag1 120302237 1025309 121327546 dag2 107471799 0 107471799 dag3 130745669 0 130745669
577.9799999999999 180377959 0.9989552877457261 115 dag0 180377959 0 180377959 dag1 180191758 0 180191758 dag2 180377959 0 180377959 dag3 180191758 0 180191758
574.5599999999998 184412238 0.9998113650514279 82 dag0 184412238 0 184412238 dag1 182855801 0 182855801 dag2 184345685 0 184345685 dag3 182757929 0 182757929
573.4199999999997 184754972 0.9996570611479526 82 dag0 184754972 0 184754972 dag1 182855801 0 182855801 dag2 184688419 0 184688419 dag3 182757929 0 182757929
572.8499999999996 223072194 0.9997693543517258 76 dag0 221050329 0 221050329 dag1 222824250 0 222824250 dag2 223072194 0 223072194 dag3 222824250 0 222824250
572.2799999999995 223736421 0.9997693937328475 76 dag0 221050329 0 221050329 dag1 223488477 0 223488477 dag2 223736421 0 223736421 dag3 222824250 0 222824250
571.7099999999996 234776455 0.9995342754048729 74 dag0 234776455 0 234776455 dag1 233626780 0 233626780 dag2 232105219 0 232105219 dag3 229358405 0 229358405
571.1399999999995 235926130 0.9997516090616153 74 dag0 235926130 0 235926130 dag1 233626780 0 233626780 dag2 235678186 0 235678186 dag3 229358405 0 229358405
