48.24 4713166 0.810866364123514 10 dag0 1599143 0 1599143 dag1 2514189 0 2514189 dag2 2029071 1599143 3628214 dag3 2512036 2201130 4713166
45.56 4715302 0.8127540090330015 10 dag0 1599143 0 1599143 dag1 2514189 0 2514189 dag2 2029071 1599143 3628214 dag3 2514172 2201130 4715302
42.88 4717741 0.814871558252072 10 dag0 1599143 0 1599143 dag1 2514189 0 2514189 dag2 2029071 1599143 3628214 dag3 2516611 2201130 4717741
40.2 4734702 0.8291653204821824 10 dag0 1599143 0 1599143 dag1 2514189 0 2514189 dag2 2029071 1599143 3628214 dag3 2533572 2201130 4734702
37.52 5082078 0.8253272830344904 10 dag0 1599143 0 1599143 dag1 2514189 0 2514189 dag2 2029071 1599143 3628214 dag3 2880948 2201130 5082078
34.84 5093926 0.8417745540695847 10 dag0 1599143 0 1599143 dag1 2514189 0 2514189 dag2 2029071 1599143 3628214 dag3 2892796 2201130 5093926
32.160000000000004 5491580 0.8579247376994455 10 dag0 1599143 0 1599143 dag1 2514189 0 2514189 dag2 2029071 1599143 3628214 dag3 3290450 2201130 5491580
29.48 6216721 0.8602962728819856 10 dag0 1599143 0 1599143 dag1 2514189 0 2514189 dag2 2029071 1599143 3628214 dag3 4015591 2201130 6216721
28.14 7888207 0.8167325807021195 10 dag0 2717630 0 2717630 dag1 4274223 0 4274223 dag2 3454353 2717630 6171983 dag3 4160532 3727675 7888207
26.8 8258816 0.8425700405051499 10 dag0 2717630 0 2717630 dag1 4274223 0 4274223 dag2 3454353 2717630 6171983 dag3 4531141 3727675 8258816
25.46 8705807 0.8875341008276723 10 dag0 2717630 0 2717630 dag1 4274223 0 4274223 dag2 3454353 2717630 6171983 dag3 4978132 3727675 8705807
23.370000000000005 14970405 0.9003100389296783 11 dag0 6096542 0 6096542 dag1 9237654 0 9237654 dag2 12381448 0 12381448 dag3 13165639 1804766 14970405
22.230000000000004 15434334 0.892377391310255 11 dag0 6096542 0 6096542 dag1 9237654 0 9237654 dag2 12381448 0 12381448 dag3 13629568 1804766 15434334
