2913700	104.52000000000015	62
3012337	87.10000000000007	33
86520211	26.349999999999994	13
2910335	108.54000000000015	62
2909645	112.56000000000014	62
2910679	107.20000000000014	62
2908401	116.58000000000014	62
3013073	84.42000000000006	32
2908516	115.24000000000014	62
86396451	26.51999999999999	13
2659621	166.16000000000025	62
3016280	83.08000000000006	31
2908094	117.92000000000014	62
3012291	89.78000000000007	34
2911563	105.86000000000016	62
2908537	113.90000000000015	62
2909958	109.88000000000014	62
2909747	111.22000000000014	62
3815359	45.56	9
7661166	30.82	8
