86520211	26.349999999999994	13
2898481	155.44000000000023	62
4243499	53.60000000000006	19
2898072	158.12000000000023	62
2898217	156.78000000000023	62
2899205	152.76000000000022	62
2898731	154.10000000000022	62
2900205	148.7400000000002	62
2900531	147.4000000000002	62
2895067	163.48000000000025	62
2900077	150.0800000000002	62
2659621	166.16000000000025	62
2900909	144.7200000000002	62
2900722	146.0600000000002	62
2896484	160.80000000000024	62
2899871	151.42000000000021	62
2896898	159.46000000000024	62
2895582	162.14000000000024	62
2913700	104.52000000000015	62
2891597	164.82000000000025	62
