5340339	44.56	17
5340434	44.22	16
5429470	43.56000000000001	17
5429861	43.220000000000006	16
5429956	42.88	16
6131290	32.13	14
6132493	31.930000000000003	14
6135233	31.730000000000004	15
6144401	31.530000000000005	15
6161536	31.360000000000003	14
6165262	31.160000000000004	14
6170346	30.960000000000004	15
6522459	30.590000000000003	14
6527543	30.390000000000004	14
6572196	30.020000000000003	13
6573378	29.650000000000002	12
6882007	29.080000000000002	12
7638123	28.84	9
7699529	28.5	8
9033869	28.41	9
9036042	28.32	10
9038412	28.09	10
9306234	28.07	9
9367640	27.73	8
10204535	27.5	8
17027965	27.415	6
25514837	27.330000000000002	4
