money	runtime_MS	subdagMeanMoneyFragment	subdagMeanResponseTime	subdagMinResponseTime	subdagMaxResponseTime	unfairness	subdagMeanMakespan	subdagMinMakespan	subdagMaxMakespan
972.8250000000007	1385991263	361.8739661386574	4.707293698939603	1.0024410012963405	13.406276158504475 	22.2238717452776	4.707293698939603	1.0024410012963405	13.406276158504475
972.9100000000009	1385991263	357.466743244213	3.458542740101618	1.0024410012963405	5.9137704054765665 	14.731365992249689	3.458542740101618	1.0024410012963405	5.9137704054765665
972.9950000000008	1385991263	354.08214221412044	1.94928496407915	1.0024410012963405	5.9137704054765665 	7.928970882794831	1.94928496407915	1.0024410012963405	5.9137704054765665
973.0800000000007	1385991263	352.3218675414352	1.192554235186751	1.0024410012963405	1.3985036598209584 	1.1354349627604847	1.192554235186751	1.0024410012963405	1.3985036598209584
973.1650000000006	1385991263	352.1859192261574	1.188385374382819	1.0024410012963405	1.373490494997367 	1.1104217979368933	1.188385374382819	1.0024410012963405	1.373490494997367
972.6550000000007	1394360559	364.72381675856485	7.513863593191005	1.0024410012963405	14.366649934175882 	39.04641809856855	7.513863593191005	1.0024410012963405	14.366649934175882
971.5500000000005	1473821294	388.10676395162045	9.37543373678339	1.0338936153417198	18.886264389152185 	49.97493557298053	9.37543373678339	1.0338936153417198	18.886264389152185
971.3800000000007	1656151122	348.90953744930556	3.699064948820079	1.195719267676219	6.200105318588731 	15.006242218611916	3.699064948820079	1.195719267676219	6.200105318588731
966.6199999999992	2516160967	634.0450785486111	14.389925542629973	1.799849654912696	33.124815258030544 	75.52172554885419	14.360326630922055	1.799849654912696	33.124815258030544
