8746448	146.06000000000006	19
9470318	144.72000000000006	18
9525056	142.04000000000008	18
9568567	139.36000000000007	18
9671789	136.68000000000006	17
9763934	134.00000000000006	17
10146789	131.32000000000005	17
14072415	125.96000000000004	13
14327245	121.74000000000002	12
14985709	116.58	18
15001334	111.22000000000003	16
15011613	107.20000000000002	16
16586157	105.85999999999997	16
16822464	104.51999999999998	16
17637719	103.17999999999998	16
17663324	101.83999999999999	16
17758421	100.49999999999999	15
19891887	98.75999999999999	13
20170696	97.42	13
21158152	96.08	13
33578022	94.61999999999999	17
35308992	92.90999999999998	17
35532778	92.33999999999997	17
42503291	91.19999999999997	14
44693792	90.62999999999998	13
57460442	89.49	10
