694.1200000000002 77745525 0.9736774002327706 34 dag0 1599143 0 1599143 dag1 47299836 840372 48140208 dag2 13857953 35511540 49369493 dag3 66389641 11355884 77745525
691.4400000000002 77751788 0.9737452694698995 33 dag0 1599143 0 1599143 dag1 47299836 840372 48140208 dag2 13857953 35511540 49369493 dag3 66395904 11355884 77751788
688.7600000000001 79636078 0.9752860588891418 34 dag0 1599143 0 1599143 dag1 47299836 840372 48140208 dag2 13857953 35511540 49369493 dag3 68280194 11355884 79636078
683.4000000000002 85494619 0.9772987847771095 28 dag0 1599143 0 1599143 dag1 47668150 840372 48508522 dag2 6196383 44420180 50616563 dag3 74138735 11355884 85494619
680.7200000000003 89895667 0.976447862262046 27 dag0 1599143 0 1599143 dag1 47668150 840372 48508522 dag2 6196383 44420180 50616563 dag3 78539783 11355884 89895667
678.0400000000002 93877471 0.9759030796379856 26 dag0 1599143 0 1599143 dag1 47668150 840372 48508522 dag2 6196383 44420180 50616563 dag3 82521587 11355884 93877471
675.3600000000002 100765606 0.9740320138184324 25 dag0 1599143 0 1599143 dag1 47668150 840372 48508522 dag2 6196383 44420180 50616563 dag3 89409722 11355884 100765606
670.0 136244324 0.9801084485110989 28 dag0 1948177 0 1948177 dag1 61203093 1622624 62825717 dag2 38304775 26262648 64567423 dag3 112468923 23775401 136244324
664.6400000000001 144159374 0.9767788254405091 24 dag0 1948177 0 1948177 dag1 61203093 1622624 62825717 dag2 38304775 26262648 64567423 dag3 120383973 23775401 144159374
597.64 148888154 0.9911793420289806 34 dag0 2717630 0 2717630 dag1 81694453 1428898 83123351 dag2 56641298 28821709 85463007 dag3 129438711 19449443 148888154
596.3 149215960 0.9907659912265538 34 dag0 2717630 0 2717630 dag1 81694453 1428898 83123351 dag2 56641298 28821709 85463007 dag3 129766517 19449443 149215960
594.9599999999999 149719721 0.9901532967492452 34 dag0 2717630 0 2717630 dag1 81694453 1428898 83123351 dag2 56641298 28821709 85463007 dag3 130270278 19449443 149719721
593.62 157307774 0.9833014366139555 34 dag0 2717630 0 2717630 dag1 81694453 1428898 83123351 dag2 56641298 28821709 85463007 dag3 137858331 19449443 157307774
590.9399999999999 160023210 0.9815889210295717 34 dag0 2717630 0 2717630 dag1 81694453 1428898 83123351 dag2 56641298 28821709 85463007 dag3 140573767 19449443 160023210
588.2599999999999 160383300 0.9813818169581395 34 dag0 2717630 0 2717630 dag1 81694453 1428898 83123351 dag2 56641298 28821709 85463007 dag3 140933857 19449443 160383300
585.5799999999999 165064653 0.9790385843065088 34 dag0 2717630 0 2717630 dag1 81694453 1428898 83123351 dag2 56641298 28821709 85463007 dag3 145615210 19449443 165064653
570.8399999999999 165319648 0.9911772121113602 34 dag0 2717630 0 2717630 dag1 81694453 1428898 83123351 dag2 56641298 28821709 85463007 dag3 145870205 19449443 165319648
568.16 167681587 0.99121551806366 34 dag0 2717630 0 2717630 dag1 81694453 1428898 83123351 dag2 56641298 28821709 85463007 dag3 148232144 19449443 167681587
564.1399999999999 178129245 0.9893233086343676 39 dag0 2717630 0 2717630 dag1 92164271 1428898 93593169 dag2 58040206 37302351 95342557 dag3 145958459 32170786 178129245
562.7999999999998 183380068 0.9887439232287665 37 dag0 2717630 0 2717630 dag1 92164271 1428898 93593169 dag2 58040206 37302351 95342557 dag3 151209282 32170786 183380068
545.9399999999999 298089321 0.9938016760686182 41 dag0 6096542 0 6096542 dag1 184950965 0 184950965 dag2 126882370 61509605 188391975 dag3 254336468 43752853 298089321
534.66 346605412 0.994406861148503 41 dag0 6096542 0 6096542 dag1 184950965 0 184950965 dag2 126882370 61509605 188391975 dag3 302852559 43752853 346605412
534.0899999999999 348592898 0.9944066911233109 41 dag0 6096542 0 6096542 dag1 184950965 0 184950965 dag2 126882370 61509605 188391975 dag3 304840045 43752853 348592898
533.52 395769967 0.9939647196930445 38 dag0 6096542 0 6096542 dag1 184950965 0 184950965 dag2 126882370 61509605 188391975 dag3 352017114 43752853 395769967
532.9499999999999 410213328 0.9938007282953092 37 dag0 6096542 0 6096542 dag1 184950965 0 184950965 dag2 126882370 61509605 188391975 dag3 366460475 43752853 410213328
