96.48000000000009 1599143 0.9801089969938 36 dag0 1599143 0 1599143 dag1 1599143 0 1599143 dag2 1599143 0 1599143 dag3 1599143 0 1599143
91.12000000000009 1844869 0.8569930120956895 36 dag0 1844869 0 1844869 dag1 1844869 0 1844869 dag2 1844869 0 1844869 dag3 1844869 0 1844869
85.76000000000008 1844959 0.8558777184332268 36 dag0 1844959 0 1844959 dag1 1844959 0 1844959 dag2 1844959 0 1844959 dag3 1844959 0 1844959
80.40000000000006 1846604 0.8541781876638029 36 dag0 1846604 0 1846604 dag1 1846604 0 1846604 dag2 1846604 0 1846604 dag3 1846604 0 1846604
69.68000000000004 1912396 0.8937656569863387 32 dag0 1912396 0 1912396 dag1 1912396 0 1912396 dag2 1912396 0 1912396 dag3 1912396 0 1912396
64.32000000000002 1931607 0.9021890120146869 28 dag0 1931607 0 1931607 dag1 1931607 0 1931607 dag2 1931607 0 1931607 dag3 1931607 0 1931607
58.960000000000015 1936533 0.9193181002982581 24 dag0 1936533 0 1936533 dag1 1936533 0 1936533 dag2 1936533 0 1936533 dag3 1936533 0 1936533
53.6 1948177 0.9406789040466107 20 dag0 1948177 0 1948177 dag1 1948177 0 1948177 dag2 1948177 0 1948177 dag3 1948177 0 1948177
48.240000000000045 2717630 0.9724021371798168 36 dag0 2717630 0 2717630 dag1 2717630 0 2717630 dag2 2717630 0 2717630 dag3 2717630 0 2717630
45.56 2743799 0.8947714074809175 17 dag0 2743799 0 2743799 dag1 2742254 0 2742254 dag2 2616454 0 2616454 dag3 2567709 0 2567709
42.88 2747815 0.9220657755121401 16 dag0 2747815 0 2747815 dag1 2743799 0 2743799 dag2 2742254 0 2742254 dag3 2567709 0 2567709
40.2 2770343 0.8971748733968945 15 dag0 2770343 0 2770343 dag1 2751365 0 2751365 dag2 2747349 0 2747349 dag3 2745767 0 2745767
37.52 3025778 0.9268833513430236 14 dag0 3025778 0 3025778 dag1 3024191 0 3024191 dag2 3022969 0 3022969 dag3 3020285 0 3020285
34.84 3094298 0.9514667671055638 13 dag0 3094298 0 3094298 dag1 3089878 0 3089878 dag2 3089878 0 3089878 dag3 3089696 0 3089696
32.160000000000004 3124068 0.9462253748759594 12 dag0 3124068 0 3124068 dag1 3124068 0 3124068 dag2 3105699 0 3105699 dag3 3105699 0 3105699
26.8 3316609 0.9332397901736386 20 dag0 3316609 0 3316609 dag1 3316609 0 3316609 dag2 3316609 0 3316609 dag3 3316609 0 3316609
24.12 4698318 0.8863850959384094 18 dag0 4698318 0 4698318 dag1 4698318 0 4698318 dag2 4271605 0 4271605 dag3 4271605 0 4271605
22.800000000000008 6096542 0.9646600315868494 36 dag0 6096542 0 6096542 dag1 6096542 0 6096542 dag2 6096542 0 6096542 dag3 6096542 0 6096542
22.78 6200289 0.9547354232865982 15 dag0 6200289 0 6200289 dag1 6186344 0 6186344 dag2 6160306 0 6160306 dag3 6134268 0 6134268
21.660000000000004 11592682 0.9807695678611607 21 dag0 11592682 0 11592682 dag1 11561399 0 11561399 dag2 10467489 0 10467489 dag3 10451577 0 10451577
21.090000000000003 12519245 0.980712750105638 21 dag0 12519245 0 12519245 dag1 12460521 0 12460521 dag2 10467489 0 10467489 dag3 10451577 0 10451577
