587.6700000000009 188018874 0.9903883469138061 68 dag0 106937510 81081364 188018874 dag1 180193672 0 180193672 dag2 129441041 58329889 187770930 dag3 180193672 0 180193672
617.7400000000002 89592287 0.9748523864696051 43 dag0 56520889 33071398 89592287 dag1 85504254 0 85504254 dag2 55124755 33932380 89057135 dag3 85472499 0 85472499
720.9200000000001 69122703 0.983113488118988 41 dag0 47037420 22085283 69122703 dag1 66356238 0 66356238 dag2 48994716 19801103 68795819 dag3 66319776 0 66319776
737.0 51589825 0.9428682211482481 41 dag0 31788722 19801103 51589825 dag1 49118036 0 49118036 dag2 14817914 36436049 51253963 dag3 49107232 0 49107232
715.5600000000002 69175227 0.9816053474887667 39 dag0 47089944 22085283 69175227 dag1 66356238 0 66356238 dag2 49000108 19801103 68801211 dag3 66319776 0 66319776
723.6 68816133 0.9834085546913965 42 dag0 46730850 22085283 68816133 dag1 66356238 0 66356238 dag2 48936100 19801103 68737203 dag3 66319776 0 66319776
632.4800000000001 86071768 0.9292190250091885 63 dag0 51351725 34720043 86071768 dag1 82072472 0 82072472 dag2 49886879 35186967 85073846 dag3 82033126 0 82033126
785.2399999999993 51091026 0.9496075812994212 51 dag0 31289923 19801103 51091026 dag1 49118036 0 49118036 dag2 14437753 36436049 50873802 dag3 49107232 0 49107232
579.6900000000002 191092689 0.9811036686923966 53 dag0 110011325 81081364 191092689 dag1 180193672 0 180193672 dag2 132755942 58329889 191085831 dag3 180193672 0 180193672
578.5500000000002 192244534 0.9872687537482735 53 dag0 111163170 81081364 192244534 dag1 180193672 0 180193672 dag2 133666701 58329889 191996590 dag3 180193672 0 180193672
612.38 89681141 0.9736601866396736 42 dag0 56609743 33071398 89681141 dag1 85504254 0 85504254 dag2 55127085 33932380 89059465 dag3 85472499 0 85472499
731.6400000000004 56929058 0.9651373425373887 40 dag0 35774456 21154602 56929058 dag1 50991732 0 50991732 dag2 36584816 19801103 56385919 dag3 50955270 0 50955270
631.1400000000002 86088107 0.9303453806192438 63 dag0 51368064 34720043 86088107 dag1 82072472 0 82072472 dag2 50276161 35186967 85463128 dag3 82033126 0 82033126
652.5799999999999 86066538 0.9040463612050286 63 dag0 51346495 34720043 86066538 dag1 82072472 0 82072472 dag2 49886891 35186967 85073858 dag3 82033126 0 82033126
621.7599999999998 88171242 0.9521133798111434 51 dag0 53451199 34720043 88171242 dag1 82072472 0 82072472 dag2 51701108 35186967 86888075 dag3 82033126 0 82033126
607.0200000000001 112200556 0.980001933700666 39 dag0 77480513 34720043 112200556 dag1 104542487 0 104542487 dag2 77775357 33932380 111707737 dag3 104242973 0 104242973
620.4199999999998 88458627 0.960230108912023 51 dag0 53738584 34720043 88458627 dag1 82072472 0 82072472 dag2 52934176 35186967 88121143 dag3 82033126 0 82033126
583.11 188342771 0.9810154641124237 55 dag0 107176951 81081364 188258315 dag1 180193672 0 180193672 dag2 130012882 58329889 188342771 dag3 180193672 0 180193672
624.4399999999998 87254069 0.9484309249116036 51 dag0 52534026 34720043 87254069 dag1 82072472 0 82072472 dag2 51701108 35186967 86888075 dag3 82033126 0 82033126
581.9699999999999 189645061 0.9845203335207107 53 dag0 108563697 81081364 189645061 dag1 180193672 0 180193672 dag2 130253971 58329889 188583860 dag3 180193672 0 180193672
619.0800000000002 89057135 0.9694860360238562 43 dag0 55943220 33071398 89014618 dag1 85504254 0 85504254 dag2 55124755 33932380 89057135 dag3 85472499 0 85472499
628.4600000000003 86593223 0.9306109128990318 61 dag0 51873180 34720043 86593223 dag1 82072472 0 82072472 dag2 50783657 35186967 85970624 dag3 82033126 0 82033126
712.8800000000002 69489839 0.9814134300997394 38 dag0 47404556 22085283 69489839 dag1 66356238 0 66356238 dag2 49367095 19801103 69168198 dag3 66319776 0 66319776
710.2000000000003 69535125 0.9879623940189398 37 dag0 47449842 22085283 69535125 dag1 66356238 0 66356238 dag2 49354273 19801103 69155376 dag3 66319776 0 66319776
623.0999999999998 87828508 0.954368168869259 51 dag0 53108465 34720043 87828508 dag1 82072472 0 82072472 dag2 51701108 35186967 86888075 dag3 82033126 0 82033126
627.1200000000003 87102985 0.9312660074840049 61 dag0 52382942 34720043 87102985 dag1 82072472 0 82072472 dag2 51806080 35186967 86993047 dag3 82033126 0 82033126
588.2400000000008 187359935 0.9898684321157366 68 dag0 106278571 81081364 187359935 dag1 180193672 0 180193672 dag2 128539310 58329889 186869199 dag3 180193672 0 180193672
580.26 189693359 0.9795335594199196 53 dag0 108611995 81081364 189693359 dag1 180193672 0 180193672 dag2 130378931 58329889 188708820 dag3 180193672 0 180193672
579.1200000000001 191333775 0.9843998701746243 53 dag0 110252411 81081364 191333775 dag1 180193672 0 180193672 dag2 132755942 58329889 191085831 dag3 180193672 0 180193672
728.9600000000004 57254192 0.9674080218113532 40 dag0 36099590 21154602 57254192 dag1 50991732 0 50991732 dag2 37388942 19801103 57190045 dag3 50955270 0 50955270
