money	runtime_MS	subdagMeanMoneyFragment	subdagMeanResponseTime	subdagMinResponseTime	subdagMaxResponseTime	unfairness	subdagMeanMakespan	subdagMinMakespan	subdagMaxMakespan
969.594999999999	2065339804	498.8211072081019	1.2382837290227522	1.0002143891521853	1.495745109030207 	1.153170041329772	1.2267832329371213	1.0002143891521853	1.4597372585656245
969.6799999999992	2065339804	491.0997669678241	1.2296861650325337	1.0002143891521853	1.495745109030207 	1.1015846573884622	1.218185668946903	1.0002143891521853	1.4597372585656245
969.7649999999991	2065339804	483.6904876958334	1.228348849254114	1.0002143891521853	1.495745109030207 	1.0935607627179427	1.2168483531684828	1.0002143891521853	1.4597372585656245
969.5099999999991	2069999832	492.4307678877315	1.2518881852235813	1.0002143891521853	1.4991199600234646 	1.234796778534746	1.2403876891379502	1.0002143891521853	1.4631121095588822
969.2549999999992	2189295567	466.09652746226857	1.2841829376647464	1.0002143891521853	1.585515434418928 	1.4188337765940622	1.2766583687522965	1.0002143891521853	1.5678953418645578
969.1699999999992	2193965543	467.6874440266204	1.2847466135747798	1.0002143891521853	1.5888974898791288 	1.422215832054263	1.2772220446623301	1.0002143891521853	1.5712773973247587
968.7449999999989	2390756757	445.9215350351852	1.3733141339673998	1.0002143891521853	1.7314161665978665 	1.9536209544099818	1.3657895650549499	1.0002143891521853	1.713796074043496
968.3199999999991	2614303351	498.3573112050926	1.4573980344799011	1.0002143891521853	1.8933114266264004 	2.4581243574849885	1.4498734655674512	1.0002143891521853	1.8756913340720303
968.234999999999	2854084447	468.6259947402778	1.5321502768835142	1.0002143891521853	2.0669639175556376 	2.906637811906668	1.5246257079710646	1.0002143891521853	2.049343825001267
