money	runtime_MS	subdagMeanMoneyFragment	subdagMeanResponseTime	subdagMinResponseTime	subdagMaxResponseTime	unfairness	subdagMeanMakespan	subdagMinMakespan	subdagMaxMakespan
1523.1149999999993	1830311421	651.343881405787	1.1798847771356844	1.0004340521114106	1.4227171769698947 	1.0767020500557956	1.1731900922437173	1.0004340521114106	1.4119903155096425
1523.0299999999995	1834104494	651.3438785763889	1.180376175306936	1.0004340521114106	1.4256655659974038 	1.0796504390833046	1.1736814904149688	1.0004340521114106	1.4149387045371515
1522.35	1917460461	653.0325612749999	1.2245293227598244	1.0004340521114106	1.4904588928013431 	1.344569323800636	1.2178346378678575	1.0004340521114106	1.4797320313410909
1522.2649999999996	1940551442	653.0325621407407	1.2275207932207945	1.0004340521114106	1.5084077155671634 	1.3625181465664562	1.2208261083288277	1.0004340521114106	1.497680854106911
1522.0950000000003	1964450702	646.6783762048611	1.2327184032553329	1.0004340521114106	1.5269848207137249 	1.3937038067736867	1.226023718363366	1.0004340521114106	1.5162579592534726
1522.01	1973431440	646.6740475444444	1.2338818710371786	1.0004340521114106	1.533965627404799 	1.4006846134647608	1.2271871861452117	1.0004340521114106	1.5232387659445468
1521.8399999999995	2089580431	658.56426108125	1.3043044808773898	1.0004340521114106	1.6242492603906753 	1.8232202725060282	1.297609795985423	1.0004340521114106	1.613522398930423
1521.7549999999994	2093411429	658.5642596881945	1.304800792288024	1.0004340521114106	1.62722712885448 	1.826198140969833	1.298106107396057	1.0004340521114106	1.6165002673942277
1508.325	6178652721	959.7359028495372	2.871795890318641	1.0004340521114106	4.802721141244782 	11.227599924122089	2.859137416486742	1.0004340521114106	4.762814107377438
