340652 10579.299999999985 12
341418 9903.939999999984 11
360505 9891.879999999985 11
367357 9889.19999999999 11
383600 9464.419999999996 12
499287 8500.959999999997 13
540834 8499.619999999997 12
556283 8465.919999999998 12
599466 8464.779999999997 11
617158 8450.040000000003 11
661832 8447.36 10
677674 8444.679999999998 10
680132 8439.320000000003 10
693872 8437.980000000003 10
725942 8436.640000000003 9
753710 8432.620000000003 9
811643 8431.280000000002 8
814775 8424.580000000002 8
983606 8423.24 7
1031358 8099.699999999996 14
1145481 8099.1299999999965 13
1162671 8097.419999999998 13
1168385 8087.729999999999 13
1299099 8087.159999999999 11
1306170 8084.3099999999995 11
1436884 8083.74 10
1440947 8082.03 10
1596727 8081.459999999999 9
1601150 8078.610000000001 9
1741055 8076.899999999998 9
