1122222 8094.019999999995 13
1121625 8094.589999999996 13
1119257 8094.989999999995 13
1091140 8095.169999999995 13
1079653 8095.259999999995 14
1072710 8095.7499999999945 14
1072395 8096.319999999995 14
1043600 8097.069999999994 14
1041313 8097.469999999995 14
1036657 8097.559999999994 14
1034370 8097.959999999995 14
1016720 8099.049999999995 14
1013416 8099.249999999995 14
1005260 8099.279999999994 14
996061 8099.5399999999945 15
992757 8099.739999999995 15
978356 8099.919999999995 15
957697 8100.409999999994 15
946234 8101.839999999995 15
928529 8102.219999999995 16
907870 8102.709999999995 16
907555 8103.279999999995 16
583806 8218.64 22
572369 8219.98 22
571755 8223.46 22
560389 8226.68 23
559775 8230.16 23
559627 8246.24 23
559083 8262.32 23
558751 8275.72 23
