273421	1601.6949999999988	8
273533	1599.0149999999987	8
557699	1549.1799999999994	6
458296	1549.854999999999	7
453606	1549.9149999999993	7
453218	1550.684999999999	7
414811	1551.2699999999995	7
419247	1551.2099999999996	7
414805	1553.3799999999997	7
298281	1576.2500000000002	8
298198	1576.5100000000002	8
414683	1553.9499999999996	7
297886	1577.0200000000002	8
287755	1598.3399999999988	7
297758	1578.3600000000004	8
302985	1576.1900000000003	8
304369	1575.74	8
306120	1575.6799999999998	8
406727	1556.06	7
309059	1575.62	8
406545	1556.6299999999999	7
311510	1575.5349999999999	8
378414	1559.3699999999992	7
320513	1572.9450000000002	8
378104	1559.8799999999992	7
296342	1598.3299999999988	7
320460	1573.715	8
393445	1558.8499999999992	7
320124	1574.2849999999999	8
398134	1558.7899999999993	7
